0.0005 0.322176580015138
0.001 0.32736392563658995
0.0015 0.2582016594997868
0.002 0.1866491618203952
0.0025 0.1298952351265157
0.003 0.08876549400933753
0.0035 0.06010521187557781
0.004 0.04050627829769124
0.0045 0.027230268348959506
0.005 0.018281321238383517
0.0055 0.01226466808242402
0.006 0.008225042359509991
0.0065 0.0055148082683447
0.007 0.00369720469110156
0.0075 0.0024785035654235742
0.008 0.0016614629998902629
0.0085 0.0011137392162194272
0.009 0.0007465720439824453
0.0095 0.0005004461343477047
0.01 0.0003354605777656748
0.0105 0.00022486652714962582
0.011 0.00015073276374509244
0.0115 0.00010103927963391671
0.012 6.772868830182833e-05
0.0125 4.5399910671803094e-05
0.013 3.0432475410777693e-05
0.0135 2.0399500373831168e-05
0.014 1.3674194846004433e-05
0.0145 9.166087244312135e-06
0.015 6.144212154049373e-06
0.0155 4.118588626461759e-06
0.016 2.7607725389129033e-06
0.0165 1.8506011839914034e-06
0.017 1.2404950743575038e-06
0.0175 8.315287167872439e-07
0.018 5.573903683073319e-07
0.0185 3.736299375872836e-07
0.019 2.504516370647655e-07
0.0195 1.6788275292895138e-07
0.02 1.1253517468946198e-07
0.0205 7.543458348582069e-08
0.021 5.056531347798858e-08
0.0215 3.3894943259678714e-08
0.022 2.272045992675741e-08
0.0225 1.5229979744290794e-08
0.023 1.0208960723415615e-08
0.0235 6.843271022139162e-09
0.024 4.587181746613267e-09
0.0245 3.0748798795716664e-09
0.025 2.06115362243202e-09
0.0255 1.3816325910766648e-09
0.026 9.261360220555103e-10
0.0265 6.208075409398009e-10
0.027 4.161397394221668e-10
0.0275 2.7894680928678204e-10
0.028 1.8698363804263478e-10
0.0285 1.253388808606614e-10
0.029 8.401716438857876e-11
0.0295 5.631838950073825e-11
0.03 3.775134544278882e-11
0.0305 2.5305483615118087e-11
0.031 1.6962772941840237e-11
0.0315 1.1370486739266548e-11
0.032 7.621865194512803e-12
0.0325 5.109089028063285e-12
0.033 3.4247247924915615e-12
0.0335 2.2956616805623462e-12
0.034 1.5388280433968033e-12
0.0345 1.0315072848906803e-12
0.035 6.914400106940171e-13
0.0355 4.634860997992973e-13
0.036 3.1068402375434324e-13
0.0365 2.0825772910554937e-13
0.037 1.3959933056131024e-13
0.0375 9.357622968840172e-14
0.038 6.272602259257109e-14
0.0385 4.2046510351884715e-14
0.039 2.818461875471339e-14
0.0395 1.8892714941156384e-14
0.04 1.2664165549094176e-14
0.0405 8.489044033871777e-15
0.041 5.6903763875834665e-15
0.0415 3.81437336208507e-15
0.042 2.5568509276699837e-15
0.0425 1.713908431542013e-15
0.043 1.1488671787321059e-15
0.0435 7.701087001365414e-16
0.044 5.162192993279735e-16
0.0445 3.4603214449001314e-16
0.045 2.3195228302435696e-16
0.0455 1.554822650349588e-16
0.046 1.042228790559592e-16
0.0465 6.986268508675704e-17
0.047 4.683035828352842e-17
0.0475 3.1391327920480296e-17
0.048 2.104223637677623e-17
0.0485 1.4105032856773367e-17
0.049 9.454886273886542e-18
0.0495 6.33779980237337e-18
0.05 4.248354255291589e-18
0.0505 2.847757019982746e-18
0.051 1.908908616733152e-18
0.0515 1.2795797118463968e-18
0.052 8.57727931351148e-19
0.0525 5.7495222642935185e-19
0.053 3.8540200288841976e-19
0.0535 2.583426883183935e-19
0.054 1.7317228272655536e-19
0.0545 1.1608085252936149e-19
0.055 7.781132241133797e-20
0.0555 5.215848922086211e-20
0.056 3.496288089567749e-20
0.0565 2.343631993152914e-20
0.057 1.5709835055408607e-20
0.0575 1.0530617357553812e-20
0.058 7.058883911899134e-21
0.0585 4.731711388784468e-21
0.059 3.1717609959573677e-21
0.0595 2.126094976824191e-21
0.06 1.425164082740925e-21
0.0605 9.553160535512446e-22
0.061 6.403675009950564e-22
0.0615 4.292511727467311e-22
0.062 2.8773566587644137e-22
0.0625 1.9287498479639178e-22
0.063 1.2928796868784076e-22
0.0635 8.666431712268782e-23
0.064 5.809282904332702e-23
0.0645 3.8940787838663543e-23
0.065 2.6102790696677047e-23
0.0655 1.7497223861455117e-23
0.066 1.1728739904306497e-23
0.0665 7.862009472594782e-24
0.067 5.270062551602374e-24
0.0675 3.532628572200807e-24
0.068 2.3679917471444463e-24
0.0685 1.5873123369578814e-24
0.069 1.0640072787825469e-24
0.0695 7.13225408095768e-25
0.07 4.780892883885435e-25
0.0705 3.20472833801755e-25
0.071 2.148193647071645e-25
0.0715 1.439977264398535e-25
0.072 9.652456261618944e-26
0.0725 6.470234925645414e-26
0.073 4.3371281732200726e-26
0.0735 2.907263956735351e-26
0.074 1.9487973093165983e-26
0.0745 1.306317902095234e-26
0.075 8.75651076269652e-27
0.0755 5.869664697562311e-27
0.076 3.9345539102837406e-27
0.0765 2.6374103582711056e-27
0.077 1.7679090327711494e-27
0.0775 1.185064864233981e-27
0.078 7.943727343485419e-28
0.0785 5.32483967857972e-28
0.079 3.5693467784779365e-28
0.0795 2.3926046968664948e-28
0.08 1.603810890548638e-28
0.0805 1.0750665899850164e-28
0.081 7.206386860901402e-29
0.0815 4.830585572350026e-29
0.082 3.2380383432367463e-29
0.0825 2.1705220113036395e-29
0.083 1.4549444145384158e-29
0.0835 9.752784069326954e-30
0.084 6.537486666326857e-30
0.0845 4.3822083631295714e-30
0.085 2.9374821117108028e-30
0.0855 1.9690531443508412e-30
0.086 1.3198957943678687e-30
0.0865 8.84752609642924e-31
0.087 5.930674100259935e-31
0.0875 3.975449735908647e-31
0.088 2.664823649986639e-31
0.0885 1.7862847117359196e-31
0.089 1.1973824502035734e-31
0.0895 8.026294591427327e-32
0.09 5.380186160021138e-32
0.0905 3.60644663446571e-32
0.091 2.417473474040117e-32
0.0915 1.620480930408499e-32
0.092 1.0862408518713099e-32
0.0925 7.281290178321643e-33
0.093 4.880794767531385e-33
0.0935 3.271694573262173e-33
0.094 2.1930824569636388e-33
0.0945 1.4700671335118318e-33
0.095 9.854154686111257e-34
0.0955 6.605437422836372e-34
0.096 4.427757117361249e-34
0.0965 2.9680143547442053e-34
0.097 1.9895195189065624e-34
0.0975 1.3336148155022614e-34
0.098 8.939487445212813e-35
0.0985 5.992317635810123e-35
0.099 4.0167706334963924e-35
0.0995 2.692521875959891e-35
0.1 1.8048513878454153e-35
0.1005 1.2098280653880192e-35
0.101 8.10972004486101e-36
0.1015 5.436107913807425e-36
0.102 3.643932107038075e-36
0.1025 2.4426007377405277e-36
0.103 1.6373242389689078e-36
0.1035 1.0975312592409e-36
0.104 7.356972042199196e-37
0.1045 4.931525838009848e-37
0.105 3.3057006267607343e-37
0.1055 2.215877396310316e-37
0.106 1.485347038304055e-37
0.1065 9.95657895094869e-38
0.107 6.674094460757461e-38
0.1075 4.4737793061811207e-38
0.108 2.998863950472602e-38
0.1085 2.010198621335431e-38
0.109 1.347476432394337e-38
0.1095 9.032404641945188e-39
0.11 6.054601895401186e-39
0.1105 4.058521021252769e-39
0.111 2.720507997802789e-39
0.1115 1.82361104632748e-39
0.112 1.2224030405253299e-39
0.1125 8.194012623990515e-40
0.113 5.492610919329901e-40
0.1135 3.6818072043011054e-40
0.114 2.4679891746814513e-40
0.1145 1.6543426171879206e-40
0.115 1.1089390193121365e-40
0.1155 7.433440544760237e-41
0.116 4.982784208166841e-41
0.1165 3.340060139804082e-41
0.117 2.2389092666752635e-41
0.1175 1.5007857627073948e-41
0.118 1.0060067815476473e-41
0.1185 6.743465121191804e-42
0.119 4.520279850477056e-42
0.1195 3.030034197465736e-42
0.12 2.031092662734782e-42
0.1205 1.3614821271870592e-42
0.121 9.126287621727244e-43
0.1215 6.117533538730657e-43
0.122 4.1007053633065366e-43
0.1225 2.7487850079102147e-43
0.123 1.8425656930444398e-43
0.1235 1.2351087201852492e-43
0.124 8.279181341735911e-44
0.1245 5.549701218129869e-44
0.125 3.720075976020836e-44
0.1255 2.4936414995023486e-44
0.126 1.6715378847428091e-44
0.1265 1.1204653518511086e-44
0.127 7.510703862341802e-45
0.1275 5.0345753587649823e-45
0.128 3.374776786257219e-45
0.1285 2.2621805307239653e-45
0.129 1.5163849574958066e-45
0.1295 1.0164632345163344e-45
0.13 6.813556821545298e-46
0.1305 4.567263722284663e-46
0.131 3.061528428578743e-46
0.1315 2.052203877184339e-46
0.132 1.3756333974287156e-46
0.1325 9.221146422925876e-47
0.133 6.181119294717008e-47
0.1335 4.1433281701864596e-47
0.134 2.7773559297801726e-47
0.1345 1.8617173547075905e-47
0.135 1.2479464629129513e-47
0.1355 8.36523530469818e-48
0.136 5.607384914544207e-48
0.1365 3.758742514056854e-48
0.137 2.5195604550586908e-48
0.1375 1.6889118802245084e-48
0.138 1.1321114893022402e-48
0.1385 7.588770256265496e-49
0.139 5.086904827533748e-49
0.1395 3.409854278171367e-49
0.14 2.2856936767186393e-49
0.1405 1.532146290601421e-49
0.141 1.0270283720492726e-49
0.1415 6.884377056319722e-50
0.142 4.614735945318974e-50
0.1425 3.093350011308517e-50
0.143 2.073534521984688e-50
0.1435 1.3899317562332554e-50
0.144 9.316991188246676e-51
0.1445 6.24536596221921e-51
0.145 4.186393999304291e-51
0.1455 2.806223818336961e-51
0.146 1.8810680790939283e-51
0.1465 1.2609176413744243e-51
0.147 8.452183714132491e-52
0.1475 5.665668176358939e-52
0.148 3.797810952799613e-52
0.1485 2.5457488127152774e-52
0.149 1.7064664613344933e-52
0.1495 1.1438786769200057e-52
0.15 7.667648073722e-53
0.1505 5.139778209762456e-53
0.151 3.4452963661809254e-53
0.1515 2.3094512187848055e-53
0.152 1.5480714472929074e-53
0.1525 1.0377033238158346e-53
0.153 6.95593339791572e-54
0.1535 4.66270159551168e-54
0.154 3.1255023481538206e-54
0.1545 2.0950868778989856e-54
0.155 1.4043787324419038e-54
0.1555 9.413832165819244e-55
0.156 6.310280410763791e-55
0.1565 4.2299074554409535e-55
0.157 2.835391760257698e-55
0.1575 1.9006199352650016e-55
0.158 1.2740236425030824e-55
0.1585 8.540035866931664e-56
0.159 5.724557235467611e-56
0.1595 3.8372854696122794e-56
0.16 2.572209372642415e-56
0.1605 1.7242035050829566e-56
0.161 1.1557681729020115e-56
0.1615 7.747345748661987e-57
0.162 5.193201158897235e-57
0.1625 3.4811068399043105e-57
0.163 2.333455697179623e-57
0.1635 1.5641621303555607e-57
0.164 1.0484892312271372e-57
0.1645 7.028233497440627e-58
0.165 4.7111658015535965e-58
0.1655 3.157988876978918e-58
0.166 2.116863249396533e-58
0.1665 1.418975870786629e-58
0.167 9.511679710291762e-59
0.1675 6.375869581278994e-59
0.168 4.273873191240143e-59
0.1685 2.864862874302561e-59
0.169 1.9203750137882758e-59
0.1695 1.287265867648241e-59
0.17 8.628801156620959e-60
0.1705 5.784058388538506e-60
0.171 3.877170285277935e-60
0.1715 2.598944964115503e-60
0.172 1.742124907989987e-60
0.1725 1.1677812485237086e-60
0.173 7.827871802699642e-61
0.1735 5.247179387146677e-61
0.174 3.517289528349398e-61
0.1745 2.3577096785638272e-61
0.175 1.580420060273613e-61
0.1755 1.0593872475582501e-61
0.176 7.101285085528114e-62
0.1765 4.760133745443512e-62
0.177 3.190813071381477e-62
0.1775 2.138865964899539e-62
0.178 1.4337247320555129e-62
0.1785 9.61054428393908e-63
0.179 6.442140486837557e-63
0.1795 4.3182959077049826e-63
0.18 2.8946403116483003e-63
0.1805 1.940335426960695e-63
0.181 1.3006457327249045e-63
0.1815 8.718489074362108e-64
0.182 5.844177997687593e-64
0.1825 3.917469664450395e-64
0.183 2.6259584458175948e-64
0.1835 1.760232586288116e-64
0.184 1.179919188274109e-64
0.1845 7.909234846022304e-65
0.185 5.301718666092324e-65
0.1855 3.5538483003229945e-65
0.186 2.3822157562761745e-65
0.1865 1.596846975413907e-65
0.187 1.0703985380713155e-65
0.1875 7.175095973164411e-66
0.188 4.80961066304167e-66
0.1885 3.223978441063576e-66
0.189 2.161097377031694e-66
0.1895 1.4486268932593762e-66
0.19 9.710436457780846e-67
0.1905 6.50910021340577e-67
0.191 4.3631803547007205e-67
0.1915 2.9247272562248505e-67
0.192 1.9605033090343196e-67
0.1925 1.314164668364901e-67
0.193 8.80910920996766e-68
0.1935 5.904922491158463e-68
0.194 3.9581879161102e-68
0.1945 2.653252706144761e-68
0.195 1.7785284761271306e-68
0.1955 1.1921832899932269e-68
0.196 7.991443578311751e-69
0.1965 5.356824827305117e-69
0.197 3.590787064844103e-69
0.1975 2.4069765506104637e-69
0.198 1.6134446322119012e-69
0.1985 1.0815242801402305e-69
0.199 7.249674052522568e-70
0.1995 4.8596018446302803e-70
0.2 3.257488532207521e-70
0.2005 2.1835598628699004e-70
0.201 1.4636839478005175e-70
0.2015 9.811366912712636e-71
0.202 6.576755920602045e-71
0.2025 4.408531331463226e-71
0.203 2.955126925055971e-71
0.2035 1.9808808164446648e-71
0.204 1.327824120070295e-71
0.2045 8.900671252927472e-72
0.205 5.96629836401057e-72
0.2055 3.999329394025902e-72
0.206 2.680830663515113e-72
0.2065 1.7970145337811937e-72
0.207 1.2045748650109158e-72
0.2075 8.074506789675094e-73
0.208 5.412503762970061e-73
0.2085 3.6281097715621416e-73
0.209 2.4319947090959425e-73
0.2095 1.6302148053596142e-73
0.21 1.0927656633766312e-73
0.2105 7.325027297807852e-74
0.211 4.9101126354789856e-74
0.2115 3.2913469278544287e-74
0.212 2.2062558241986284e-74
0.2125 1.4788975056432133e-74
0.213 9.913346440647454e-75
0.2135 6.645114842462193e-75
0.214 4.454353687111342e-75
0.2145 2.985842568603477e-75
0.215 2.001470128041443e-75
0.2155 1.3416255483676894e-75
0.216 8.993184993444142e-76
0.2165 6.028312178812635e-76
0.217 4.0408984972188677e-76
0.2175 2.7086952666810816e-76
0.218 1.8156927358581705e-76
0.2185 1.2170952382870178e-76
0.219 8.158433361583297e-77
0.2195 5.46876142651518e-77
0.22 3.665820411179563e-77
0.2205 2.457272906780257e-77
0.221 1.6471592879950617e-77
0.2215 1.1041238897569058e-77
0.222 7.40116376610894e-78
0.2225 4.961148436415422e-78
0.223 3.3255572482876065e-78
0.2235 2.2291876877662896e-78
0.224 1.4942691934855713e-78
0.2245 1.0016385945669084e-78
0.225 6.714184288211594e-79
0.2255 4.5006523211657355e-79
0.226 3.016877471114206e-79
0.2265 2.022273445321146e-79
0.227 1.3555704289643522e-79
0.2275 9.086660323479307e-80
0.228 6.090970566344832e-80
0.2285 4.082899670433969e-80
0.229 2.7368494950441785e-80
0.2295 1.834565079510672e-80
0.23 1.2297457485529627e-80
0.2305 8.24323226782149e-81
0.231 5.525603833248537e-81
0.2315 3.7039230158778435e-81
0.232 2.4828138465156858e-81
0.2325 1.664279891894355e-81
0.233 1.1156001737508065e-81
0.2335 7.478091598260036e-82
0.234 5.0127147044043665e-82
0.2345 3.3601231514198417e-82
0.235 2.252357905545217e-82
0.2355 1.5098006549337974e-82
0.236 1.0120496445198556e-82
0.2365 6.783971643048981e-83
0.237 4.5474321840730394e-83
0.2375 3.0482349509718567e-83
0.238 2.043292992662888e-83
0.2385 1.3696602529060785e-83
0.239 9.181107237811827e-84
0.2395 6.15428022630813e-84
0.24 4.125337404615067e-84
0.2405 2.7652963589741795e-84
0.241 1.8536335826498e-84
0.2415 1.2425277484550139e-84
0.242 8.328912575449193e-85
0.2425 5.583037061001886e-85
0.243 3.742421659749444e-85
0.2435 2.508620259248078e-85
0.244 1.6815784476650993e-85
0.2445 1.1271957424514019e-85
0.245 7.555819019711961e-86
0.2455 5.064816953130251e-86
0.246 3.395048333184337e-86
0.2465 2.2757689549933973e-86
0.247 1.5254935506776442e-86
0.2475 1.0225689071173033e-86
0.248 6.854484368934803e-87
0.2485 4.594698277734921e-87
0.249 3.079918361051215e-87
0.2495 2.0645310175658493e-87
0.25 1.3838965267367376e-87
0.2505 9.276535835107259e-88
0.251 6.21824792804032e-88
0.2515 4.168216237385101e-88
0.252 2.7940389001304643e-88
0.2525 1.8729002841608093e-88
0.253 1.2554426046988284e-88
0.2535 8.415483445768169e-89
0.254 5.6410672507796074e-89
0.2545 3.781320459232702e-89
0.255 2.534694904308355e-89
0.2555 1.6990568049422674e-89
0.256 1.1389118357060604e-89
0.2565 7.634354341410165e-90
0.257 5.117460753586561e-90
0.2575 3.4303365279297016e-90
0.258 2.2994233393195594e-90
0.2585 1.5413495586681018e-90
0.259 1.0331975071234085e-90
0.2595 6.925730005388866e-91
0.26 4.642455656042647e-91
0.2605 3.1119310890769033e-91
0.261 2.0859897908897553e-91
0.2615 1.3982807726590864e-91
0.262 9.372956318995827e-92
0.2625 6.282880511239462e-92
0.263 4.211540753530433e-92
0.2635 2.8230801917874753e-92
0.264 1.892367244121271e-92
0.2645 1.268491698195699e-92
0.265 8.502954135303866e-93
0.2655 5.699700607415784e-93
0.266 3.820623573552288e-93
0.2665 2.5610405697084043e-93
0.267 1.7167168325860676e-93
0.2675 1.1507497062492758e-93
0.268 7.713705960685086e-94
0.2685 5.170651734671783e-94
0.269 3.465991508819428e-94
0.2695 2.3233235877509605e-94
0.27 1.5573703742969461e-94
0.2705 1.0439365809932637e-94
0.271 6.997716170296885e-95
0.2715 4.6907094254177186e-95
0.272 3.1442765579857946e-95
0.2725 2.1076716070978073e-95
0.273 1.4128145286978442e-95
0.2735 9.470378999165536e-96
0.274 6.348184886695557e-96
0.2745 4.255315585492491e-96
0.275 2.852423339163484e-96
0.2755 1.912036544021242e-96
0.276 1.2816764242101363e-96
0.2765 8.591333996793272e-97
0.277 5.758943400237987e-97
0.2775 3.8603352051641465e-97
0.278 2.587660072438615e-97
0.2785 1.7345604188816777e-97
0.279 1.1627106198363574e-97
0.2795 7.793882362148294e-98
0.28 5.224395583791571e-98
0.2805 3.502017088235537e-98
0.281 2.347472255803694e-98
0.2815 1.573557710577709e-98
0.282 1.0547872769941792e-98
0.2825 7.070450560725408e-99
0.283 4.73946474535814e-99
0.2835 3.1769582262928303e-99
0.284 2.129578784501901e-99
0.2845 1.427499348863827e-99
0.285 9.568814292462402e-100
0.2855 6.414168037029844e-100
0.286 4.299545413862269e-100
0.2865 2.8820714797524617e-100
0.287 1.931910286985662e-100
0.2875 1.2949981925089467e-100
0.288 8.680632480186619e-101
0.2885 5.818801963737127e-101
0.289 3.9004596002047394e-101
0.2895 2.614556258769377e-101
0.29 1.7525894717410975e-101
0.2905 1.1747958553790627e-101
0.291 7.87489211860167e-102
0.2915 5.278698047466735e-102
0.292 3.538417118186121e-102
0.2925 2.371871925555801e-102
0.293 1.5899132983292413e-102
0.2935 1.0657507553287261e-102
0.294 7.14394095374465e-103
0.2945 4.788726828989975e-103
0.295 3.209979588460643e-103
0.2955 2.1517136655104496e-103
0.296 1.4423368033204706e-103
0.2965 9.668272724006692e-104
0.297 6.480837017441244e-104
0.2975 4.344234967880666e-104
0.298 2.912027783659468e-104
0.2985 1.9519905979996642e-104
0.299 1.3084584275122625e-104
0.2995 8.77085913365735e-105
0.3 5.8792826982452694e-105
0.3005 3.941001048944396e-105
0.301 2.6417320045548953e-105
0.3015 1.7708059189070492e-105
0.302 1.1870067050819489e-105
0.3025 7.9567438919514e-106
0.303 5.333564931946624e-106
0.3035 3.575195490716614e-106
0.304 2.396525205923557e-106
0.3045 1.6064388863602394e-106
0.305 1.0768281882584307e-106
0.3055 7.218195207258612e-107
0.306 4.8385009436239344e-107
0.3065 3.2433441752734616e-107
0.307 2.1740786168787167e-107
0.3075 1.4573284785512322e-107
0.308 9.768764928315046e-108
0.3085 6.548198956459443e-108
0.309 4.389389025944519e-108
0.3095 2.942295453939443e-108
0.31 1.9722796241351285e-108
0.3105 1.3220585684454052e-108
0.311 8.862023604621305e-109
0.3115 5.94039207061881e-109
0.312 3.981963886246924e-109
0.3125 2.6691902155412764e-109
0.313 1.789211708159496e-109
0.3135 1.1993444745809715e-109
0.314 8.039446434137248e-110
0.3145 5.389002103831906e-110
0.315 3.6123561383267394e-110
0.3155 2.42143473294029e-110
0.316 1.6231362416568222e-110
0.3165 1.0880207602295402e-110
0.317 7.293221260847926e-111
0.3175 4.888792411319657e-111
0.318 3.277055554214458e-111
0.3185 2.1966760299623706e-111
0.319 1.4724759775297532e-111
0.3195 9.870301650441395e-112
0.32 6.616261056709485e-112
0.3205 4.43501241611741e-112
0.321 2.972877726940353e-112
0.3215 1.9927795347810294e-112
0.322 1.335800069493254e-112
0.3225 8.954135640771486e-113
0.323 6.002136614931096e-113
0.3235 4.0233524920329003e-113
0.324 2.696933827677159e-113
0.3245 1.8078088075235646e-113
0.325 1.2118104830828574e-113
0.3255 8.123008588065436e-114
0.326 5.4450154907000405e-114
0.3265 3.649903034390903e-114
0.327 2.4466031700384463e-114
0.3275 1.6400071495711497e-114
0.328 1.0993296679992731e-114
0.3285 7.369027136616336e-115
0.329 4.93960660945465e-115
0.3295 3.3111173298474763e-115
0.33 2.219508320972814e-115
0.3305 1.4877809198909304e-115
0.331 9.972893747122568e-116
0.3315 6.685030595679891e-116
0.332 4.4811100166456495e-116
0.3325 3.003777872648744e-116
0.333 2.0134925218746724e-116
0.3335 1.3496843999554766e-116
0.334 9.047205091117598e-117
0.3345 6.064522933171612e-117
0.335 4.065171291747877e-117
0.3355 2.7249658074271037e-117
0.336 1.8265992054801207e-117
0.3365 1.2244060635060548e-117
0.337 8.207439288557132e-118
0.3375 5.501611081740457e-118
0.338 3.6878401935823205e-118
0.3385 2.472033208334238e-118
0.339 1.6570534140121792e-118
0.3395 1.1107561207641826e-118
0.34 7.445620940050319e-119
0.3405 4.990948971298279e-119
0.341 3.3455331442022654e-119
0.3415 2.242577931235343e-119
0.342 1.5032449421042182e-119
0.3425 1.0076552187941643e-119
0.343 6.754514926501333e-120
0.3435 4.52768675648089e-120
0.344 3.034999195039121e-120
0.3445 2.034420800136798e-120
0.345 1.3637130444035917e-120
0.3455 9.141241907039862e-121
0.346 6.127557695950015e-121
0.3465 4.1074247568351096e-121
0.347 2.7532891520896977e-121
0.3475 1.8455849111782345e-121
0.348 1.2371325626236332e-121
0.3485 8.292747563300811e-122
0.349 5.558794928393545e-122
0.3495 3.7261716723035245e-122
0.35 2.4977275669152505e-122
0.3505 1.674276857639059e-122
0.351 1.122301340289045e-122
0.3515 7.523010860883867e-123
0.352 5.042824986594403e-123
0.3525 3.380306677163709e-123
0.353 2.2658873274510077e-123
0.3535 1.5188696976484794e-123
0.354 1.0181288056498895e-123
0.3545 6.824721478734599e-124
0.355 4.574747615805637e-124
0.3555 3.0665450324283353e-124
0.356 2.0555666073076524e-124
0.3565 1.3778875028398198e-124
0.357 9.236256143355411e-125
0.3575 6.191247643210745e-125
0.358 4.1501174052151637e-125
0.3585 2.7819068901170416e-125
0.359 1.86476795465016e-125
0.3595 1.2499913412069086e-125
0.36 8.378942533819369e-126
0.3605 5.616573144999903e-126
0.361 3.764901569118742e-126
0.3615 2.5236889931313833e-126
0.362 1.6916793220555035e-126
0.3625 1.1339665610377455e-126
0.363 7.601205173977145e-127
0.3635 5.095240202146525e-127
0.364 3.4154416468655767e-127
0.3645 2.289439001959025e-127
0.365 1.5346568571889095e-127
0.3655 1.0287112551598027e-127
0.366 6.895657759160758e-128
0.3665 4.622297626566758e-128
0.367 3.0984187578305495e-128
0.3675 2.0769322043867094e-128
0.368 1.3922092908574325e-128
0.3685 9.33225795938767e-129
0.369 6.255599584953346e-129
0.3695 4.19325380176631e-129
0.37 2.8108220814391768e-129
0.3705 1.8841503870283432e-129
0.371 1.2629837741708636e-129
0.3715 8.46603341644498e-130
0.372 5.674951909450466e-130
0.3725 3.804034025192962e-130
0.373 2.5499202628885425e-130
0.3735 1.709262668006599e-130
0.374 1.1457530303052092e-130
0.3745 7.680212240196349e-131
0.375 5.148200222412013e-131
0.3755 3.450941810087988e-131
0.376 2.3132354730044134e-131
0.3765 1.5506081087556277e-131
0.377 1.0394036988442725e-131
0.3775 6.967331352589224e-132
0.378 4.6703418730132676e-132
0.3785 3.130623779320321e-132
0.379 2.098519875874312e-132
0.3795 1.4066799398027249e-132
0.38 9.429257620059944e-133
0.3805 6.320620401960628e-133
0.381 4.2368385588159045e-133
0.3815 2.8400378177911133e-133
0.382 1.9037342807646307e-133
0.3825 1.276111250721801e-133
0.383 8.554029523304544e-134
0.3835 5.733937463851524e-134
0.384 3.8435732247345173e-134
0.3845 2.5764241809453047e-134
0.385 1.72702877557863e-134
0.3855 1.1576620083507015e-134
0.386 7.760040507313706e-135
0.3865 5.201710710101067e-135
0.387 3.4868109626589066e-135
0.3875 2.337279285007143e-135
0.388 1.566725157924081e-135
0.3885 1.0502072799848881e-135
0.389 7.039749922664497e-136
0.3895 4.718885492239693e-136
0.39 3.163163540395093e-136
0.3905 2.1203319300158224e-136
0.391 1.4213009969390743e-136
0.3915 9.52726549698722e-137
0.392 6.386317046534013e-137
0.3925 4.280876336630965e-137
0.393 2.8695572230432497e-137
0.3935 1.9235217298522962e-137
0.394 1.289375174505173e-137
0.3945 8.642940263314885e-138
0.395 5.793536115188646e-138
0.3955 3.8835233954422596e-138
0.396 2.603203581213397e-138
0.3965 1.744979544399145e-138
0.397 1.1696947685328438e-138
0.3975 7.840698510906002e-139
0.398 5.2557773867819e-139
0.3985 3.523052939860796e-139
0.399 2.3615730088334023e-139
0.3995 1.5830097279977654e-139
0.4 1.0611231537463512e-139
0.4005 7.112921212687126e-140
0.401 4.767933674736418e-140
0.4015 3.1960415203440814e-140
0.402 2.142370699048908e-140
0.4025 1.4360740256119015e-140
0.403 9.626292069587228e-141
0.4035 6.452696543238367e-141
0.404 4.325371843917405e-141
0.4045 2.899383453536039e-141
0.405 1.9435148500492928e-141
0.4055 1.3027769637559461e-141
0.406 8.73277514319076e-142
0.4065 5.8537542360023176e-142
0.407 3.923888808958481e-142
0.4075 2.6302613270598386e-142
0.408 1.7631168938404526e-142
0.4085 1.1818525974453725e-142
0.409 7.92219487526895e-143
0.4095 5.310406033493708e-143
0.41 3.5596716168395205e-143
0.4105 2.3861192420715445e-143
0.411 1.599463560191959e-143
0.4115 1.0721524873001648e-143
0.412 7.18685304644288e-144
0.4125 4.8174916649430757e-144
0.413 3.229261234620841e-144
0.4135 2.1646385394521967e-144
0.414 1.451000605416066e-144
0.4145 9.7263479262026e-145
0.415 6.51976598965092e-145
0.4155 4.370329838324251e-145
0.416 2.9295196984165067e-145
0.4165 1.9637157791047978e-145
0.417 1.3163180514505442e-145
0.4175 8.823543768458417e-146
0.418 5.914598265070659e-146
0.4185 3.964673781324341e-146
0.419 2.657600311613685e-146
0.4195 1.781442763225255e-146
0.42 1.1941367950549688e-146
0.4205 8.004538314341156e-147
0.421 5.36560249136302e-147
0.4215 3.596670909019482e-147
0.422 2.4109206093090387e-147
0.4225 1.616088413820251e-147
0.423 1.0832964599496787e-147
0.4235 7.261553329036889e-148
0.424 4.8675647618103684e-148
0.4245 3.262826235218256e-148
0.425 2.1871378321977182e-148
0.4255 1.4660823323650962e-148
0.426 9.827443765229753e-149
0.4265 6.5875325571216135e-149
0.427 4.415755126951133e-149
0.4275 2.959969179979893e-149
0.428 1.9841266769882407e-149
0.4285 1.329999885459252e-149
0.429 8.91525584448461e-150
0.4295 5.976074708094223e-150
0.43 4.00588267344223e-150
0.4305 2.685223458075227e-150
0.431 1.7999591120329032e-150
0.4315 1.2065486748401915e-150
0.432 8.087737632630891e-151
0.4325 5.421372662229435e-151
0.433 3.6340547725220736e-151
0.4335 2.435979762412948e-151
0.434 1.6328860664825703e-151
0.4345 1.0945562632555131e-151
0.435 7.337030047740496e-152
0.4355 4.91815831936639e-152
0.436 3.2967401110481284e-152
0.4365 2.2098709830053703e-152
0.437 1.4813208190609328e-152
0.4375 9.92959039626498e-153
0.438 6.656003491539534e-153
0.4385 4.4616525668620043e-153
0.439 2.990735154014035e-153
0.4395 2.0047497261190243e-153
0.44 1.3438239287020702e-153
0.4405 9.007921177513858e-154
0.441 6.038190138396294e-154
0.4415 4.047519891541839e-154
0.442 2.713133720028399e-154
0.4425 1.818667920110323e-154
0.443 1.2190895639319197e-154
0.4435 8.17180172616384e-155
0.444 5.477722509276387e-155
0.4445 3.67182720458848e-155
0.445 2.4612993808147185e-155
0.4455 1.64985831425525e-155
0.446 1.1059331011638237e-155
0.4465 7.413291272844885e-156
0.447 4.969277747288817e-156
0.4475 3.3310064883265936e-156
0.448 2.2328404226000193e-156
0.4485 1.4967176948675155e-156
0.449 1.0032798741259716e-156
0.4495 6.725186114107288e-157
0.45 4.508027065606742e-157
0.4505 3.021820910147316e-157
0.451 2.0255871316014524e-157
0.4515 1.357791659304315e-157
0.452 9.101549675716445e-158
0.4525 6.100951197622044e-158
0.453 4.089589887651058e-158
0.4535 2.7413340817572043e-158
0.454 1.837571187882598e-158
0.4545 1.2317608032551855e-158
0.455 8.256739583429307e-159
0.4555 5.53465805766843e-159
0.456 3.709992244007908e-159
0.4565 2.4868821717953023e-159
0.457 1.6670069718829809e-159
0.4575 1.1174281901343568e-159
0.458 7.490345158523576e-160
0.4585 5.0209285114844655e-160
0.459 3.365629030959997e-160
0.4595 2.2560486069719128e-160
0.46 1.5122746060840868e-160
0.4605 1.0137079835687788e-160
0.461 6.795087822125343e-161
0.4615 4.5548835817431164e-161
0.462 3.053229772201093e-161
0.4625 2.0466411214592676e-161
0.463 1.371904570754962e-161
0.4635 9.19615135024991e-162
0.464 6.164364596450016e-162
0.4645 4.1320971600729335e-162
0.465 2.7698275585638865e-162
0.4655 1.8566709365672632e-162
0.466 1.2445637476728297e-162
0.4665 8.342560286343106e-163
0.467 5.592185395196734e-163
0.4675 3.7485539715481897e-163
0.468 2.5127308707751754e-163
0.4685 1.684333872973226e-163
0.469 1.129042759270761e-163
0.4695 7.568199943705989e-164
0.47 5.0731161346720364e-164
0.4705 3.4006114409373883e-164
0.471 2.2794980176385237e-164
0.4715 1.5279932161215515e-164
0.472 1.0242444829727663e-164
0.4725 6.865716089780698e-165
0.473 4.60222712536927e-165
0.4735 3.0849650985440673e-165
0.474 2.0679139468743293e-165
0.4745 1.3861641720665725e-165
0.475 9.291736316326398e-166
0.4755 6.22843711531072e-166
0.476 4.175046253865262e-166
0.4765 2.79861719709179e-166
0.477 1.875969208390743e-166
0.4775 1.2574997661299533e-166
0.478 8.429273011220072e-167
0.4785 5.650310672928139e-167
0.479 3.787516510392725e-167
0.4795 2.538848241607253e-167
0.48 1.701840870191618e-167
0.4805 1.1407780504522686e-167
0.481 7.646863952955854e-168
0.4815 5.1258461969737555e-168
0.482 3.4359574587271324e-168
0.4825 2.303191161910391e-168
0.483 1.543875205680686e-168
0.4835 1.0348904989451243e-168
0.484 6.937078468947572e-169
0.4845 4.650062758657884e-169
0.485 3.1170302824520583e-169
0.4855 2.089407882427793e-169
0.486 1.4005719879361783e-169
0.4865 9.388314794296271e-170
0.487 6.2931756051098934e-170
0.4875 4.218441761327482e-170
0.488 2.8277060756517654e-170
0.4885 1.8954680668060838e-170
0.489 1.2705702418005672e-170
0.4895 8.516887029752888e-171
0.49 5.709040105864101e-171
0.4905 3.8268840265822224e-171
0.491 2.5652370768715603e-171
0.4915 1.7195298354609123e-171
0.492 1.1526353184657747e-171
0.4925 7.726345597362994e-172
0.493 5.179124336511739e-172
0.4935 3.4716708636747305e-172
0.494 2.3271305731590858e-172
0.4945 1.5599222729308888e-172
0.495 1.0456471698030763e-172
0.4955 7.0091825899945e-173
0.496 4.6983955963971544e-173
0.4965 3.1494287524706573e-173
0.497 2.111125226342025e-173
0.4975 1.4151295589086178e-173
0.498 9.485897110740401e-174
0.4985 6.358586987960627e-174
0.499 4.262288322491481e-174
0.4995 2.85709730454956e-174
0.5 1.9151695967140057e-174
0.5005 1.2837765722354183e-174
0.501 8.605411710002914e-175
0.5015 5.768379973605242e-175
0.502 3.866660729457774e-175
0.5025 2.59190019817454e-175
0.503 1.737402660160081e-175
0.5035 1.1646158311409742e-175
0.504 7.806653375442255e-176
0.5045 5.23295625001085e-176
0.505 3.50775547440964e-176
0.5055 2.351318811088089e-176
0.506 1.5761361336929787e-176
0.5065 1.0565156456955961e-176
0.507 7.082036162599808e-177
0.5075 4.747230806540343e-177
0.508 3.1821639727818193e-177
0.5085 2.1330683007281107e-177
0.509 1.4298384415411812e-177
0.5095 9.584493699574331e-178
0.51 6.424678257926741e-178
0.5105 4.3065906256177224e-178
0.511 2.8867940264206255e-178
0.5115 1.9350759046857264e-178
0.512 1.2971201695113483e-178
0.5125 8.694856517406725e-179
0.513 5.828336621021486e-179
0.5135 3.9068508721141916e-179
0.514 2.6188404564500223e-179
0.5145 1.7554612553275136e-179
0.515 1.1767208694849468e-179
0.5155 7.887795874042202e-180
0.516 5.287347693408115e-180
0.5165 3.5442151492514368e-180
0.517 2.3757584620066223e-180
0.5175 1.5925185216217843e-180
0.518 1.067497088726147e-180
0.5185 7.155646976577974e-181
0.519 4.7965736107546397e-181
0.5195 3.215239443574273e-181
0.52 2.155239451832359e-181
0.5205 1.4447002085700436e-181
0.521 9.684115103163914e-182
0.5215 6.491456481767044e-182
0.522 4.3513534076967794e-182
0.5225 2.916799416564376e-182
0.523 1.955189119188314e-182
0.5235 1.310602460382647e-182
0.524 8.78523101578138e-183
0.5245 5.8889164589321e-183
0.525 3.947458751851489e-183
0.5255 2.6460607322647873e-183
0.526 1.7737075518648698e-183
0.5265 1.1889517278197801e-183
0.527 7.969781769263714e-184
0.5275 5.342304482466365e-184
0.528 3.581053786623541e-184
0.5285 2.4004521391055106e-184
0.529 1.6090711883915914e-184
0.5295 1.0785926730772356e-184
0.53 7.230022902708522e-185
0.5305 4.846429284982138e-185
0.531 3.248658701417771e-185
0.5315 2.177641050288366e-185
0.532 1.4597164490785117e-185
0.5325 9.784771973451989e-186
0.533 6.558928799693092e-186
0.5335 4.3965814549546044e-186
0.534 2.947116683284675e-186
0.5345 1.9755113908117167e-186
0.535 1.32422488643287e-186
0.5355 8.876544868351903e-187
0.536 5.9501259647912e-187
0.5365 3.988488710636554e-187
0.537 2.6735639361267355e-187
0.5375 1.7921435007435354e-187
0.538 1.201309713920974e-187
0.5385 8.052619827385405e-188
0.539 5.397832493400609e-188
0.5395 3.618275325468843e-188
0.54 2.4254024827379475e-188
0.5405 1.6257959038837995e-188
0.541 1.089803585135967e-188
0.5415 7.305171893581212e-189
0.542 4.896803160003728e-189
0.5425 3.282425319641051e-189
0.543 2.2002754913705124e-189
0.5435 1.4748887686664367e-189
0.544 9.886475073100118e-190
0.5445 6.627102426130446e-190
0.545 4.4422796033667583e-190
0.5455 2.9777490682318855e-190
0.546 1.9960448924998248e-190
0.5465 1.3379889042296396e-190
0.547 8.96880783878407e-191
0.5475 6.011971683378335e-191
0.548 4.029945135567447e-191
0.5485 2.7013530087944258e-191
0.549 1.8107710732137362e-191
0.5495 1.2137961491565943e-191
0.55 8.136318905805486e-192
0.5505 5.453937663499989e-192
0.551 3.655883745672903e-192
0.5515 2.4506121607003223e-192
0.552 1.6426944563761747e-192
0.5525 1.1011310236205293e-192
0.553 7.381101984446006e-193
0.5535 4.947700622007427e-193
0.554 3.3165429087148435e-193
0.5545 2.223145195248705e-193
0.555 1.4902187896231408e-193
0.5555 9.989235276633243e-194
0.556 6.69598465049378e-194
0.5565 4.4884527391727716e-194
0.557 3.008699846751152e-194
0.5575 2.0167918197815843e-194
0.558 1.3518959854803231e-194
0.5585 9.062029792225352e-195
0.559 6.0744602275013166e-195
0.5595 4.071832459339972e-195
0.56 2.729430921594398e-195
0.5605 1.8295922610141916e-195
0.561 1.2264123686295102e-195
0.5615 8.220887953983827e-196
0.562 5.510625991768397e-196
0.5625 3.693883068487256e-196
0.563 2.4760838685187026e-196
0.5635 1.659768652733504e-196
0.564 1.1125761997089218e-196
0.5645 7.457821294069733e-197
0.565 4.999127113166792e-197
0.5655 3.351015116635862e-197
0.566 2.2462526072495258e-197
0.5665 1.5057081510991254e-197
0.567 1.0093063571610261e-197
0.5675 6.765582837962194e-198
0.568 4.535105799400852e-198
0.5685 3.03997232823077e-198
0.569 2.0377543910068814e-198
0.5695 1.3659476171889347e-198
0.57 9.156220696364315e-199
0.5705 6.137598278699191e-199
0.571 4.114155160725996e-199
0.5715 2.7578006767355184e-199
0.572 1.848609076586512e-199
0.5725 1.239159721319329e-199
0.573 8.306336014403015e-200
0.5735 5.567903539561927e-200
0.574 3.7322773569612355e-200
0.5745 2.5018203297359442e-200
0.575 1.67702031860163e-200
0.5755 1.1241403371676448e-200
0.576 7.535338025607947e-201
0.5765 5.05108813221945e-201
0.577 3.38584562931949e-201
0.5775 2.2696001981150605e-201
0.578 1.5213585092829313e-201
0.5785 1.0197971059793273e-201
0.579 6.835904430270123e-202
0.5795 4.582243772394264e-202
0.58 3.0715698564577396e-202
0.5805 2.0589348475824807e-202
0.581 1.3801453018158236e-202
0.5815 9.251390622490752e-203
0.582 6.201392587961471e-203
0.5825 4.1569177650474997e-203
0.583 2.786465307632912e-203
0.5835 1.8678235532892477e-203
0.584 1.2520395702272572e-203
0.5845 8.39267222353244e-204
0.585 5.6257764312397845e-204
0.5855 3.7710707163751666e-204
0.586 2.527824296204167e-204
0.5865 1.6944512986016233e-204
0.587 1.1358246724837502e-204
0.5875 7.613660467477396e-205
0.588 5.103589235059002e-205
0.5885 3.4210381709918206e-205
0.589 2.2931904642688384e-205
0.5895 1.537171537577299e-205
0.59 1.0303968958333958e-205
0.5905 6.906956946500767e-206
0.591 4.629871698344415e-206
0.5915 3.103495809973402e-206
0.592 2.080335454212714e-206
0.5925 1.3944905574374706e-206
0.593 9.347549746577177e-207
0.5935 6.265849976446185e-207
0.594 4.2001248446636724e-207
0.5945 2.8154278792306094e-207
0.595 1.8872377456157127e-207
0.5955 1.2650532925214213e-207
0.596 8.479905812804672e-208
0.5965 5.684250854817243e-208
0.597 3.810267294679086e-208
0.5975 2.5540985483774343e-208
0.598 1.7120634565278625e-208
0.5985 1.1476304549957189e-208
0.599 7.692796994246056e-209
0.5995 5.156636035326255e-209
0.6 3.456596504588617e-209
0.6005 2.3170259280826558e-209
0.601 1.5531489267780828e-209
0.6015 1.0411068600981119e-209
0.602 6.978747983889625e-210
0.6025 4.6779946698321245e-210
0.603 3.135753602436238e-210
0.6035 2.1019584991415287e-210
0.604 1.4089849179095046e-210
0.6045 9.44470835036642e-211
0.605 6.33097733621059e-211
0.6055 4.24378101945961e-211
0.606 2.8446914883290788e-211
0.6065 1.906853729414091e-211
0.607 1.2782022796840403e-211
0.6075 8.568046109606845e-212
0.608 5.743333062626944e-212
0.6085 3.84987128293819e-212
0.609 2.580645895610325e-212
0.6095 1.7298586755472363e-212
0.61 1.1595589470279338e-212
0.6105 7.772756067528639e-213
0.611 5.210234205009118e-213
0.6115 3.492524432158452e-213
0.612 2.341109138144969e-213
0.6125 1.569292385255827e-213
0.613 1.0519281439280281e-213
0.6135 7.051285218640364e-214
0.614 4.7266178323692705e-214
0.6145 3.1683466829867146e-214
0.615 2.123806294396447e-214
0.6155 1.4236299330306394e-214
0.616 9.542876822467797e-215
0.6165 6.396781630949557e-215
0.617 4.287890957337648e-215
0.6175 2.874259263918602e-215
0.618 1.9266736021082143e-215
0.6185 1.2914879376608584e-215
0.619 8.657102538272699e-216
0.6195 5.803029371990336e-216
0.62 3.889886915778596e-216
0.6205 2.6074691764581985e-216
0.621 1.7478388583999102e-216
0.6215 1.1716114240256e-216
0.622 7.853546236886496e-217
0.6225 5.264389475053196e-217
0.623 3.528825795267072e-217
0.6235 2.3654426695352286e-217
0.624 1.5856036391374655e-217
0.6245 1.062861904380927e-217
0.625 7.124576406741257e-218
0.6255 4.775746384951337e-218
0.626 3.2012785366150075e-218
0.6265 2.145881176036846e-218
0.627 1.4384271687078992e-218
0.6275 9.642065659472696e-219
0.628 6.463269896736172e-219
0.6285 4.332459374721048e-219
0.629 2.90413436751045e-219
0.6295 1.9466994829233303e-219
0.63 1.3049116870106767e-219
0.6305 8.747084621094599e-220
0.631 5.863346165889561e-220
0.6315 3.930318471842289e-220
0.632 2.6345712589798055e-220
0.6325 1.7660059276036546e-220
0.633 1.1837891746904523e-220
0.6335 7.935176140750128e-221
0.634 5.319107635968346e-221
0.6345 3.565504475410899e-221
0.635 2.390029124097628e-221
0.6355 1.6020844324916751e-221
0.636 1.0739093105407627e-221
0.6365 7.198629384798012e-222
0.637 4.8253855806111375e-222
0.6375 3.23455268453522e-222
0.638 2.1681855044021484e-222
0.6385 1.453378207124767e-222
0.639 9.742285467070337e-223
0.6395 6.5304492427790626e-223
0.64 4.3774910370529076e-223
0.6405 2.9343199934779636e-223
0.641 1.966933513111485e-223
0.6415 1.3184749630579588e-223
0.642 8.838001979338664e-224
0.6425 5.924289893652806e-224
0.643 3.9711702742418986e-224
0.6435 2.661955041045243e-224
0.644 1.784361825658283e-224
0.6445 1.196093501119384e-224
0.645 8.017654507333802e-225
0.6455 5.374394538453331e-225
0.646 3.602564394429789e-225
0.6465 2.4148711307205727e-225
0.647 1.618736527514778e-225
0.6475 1.0850715436431715e-225
0.648 7.273452070868645e-226
0.6485 4.875540726982763e-226
0.649 3.2681726845597684e-226
0.6495 2.1907216643663057e-226
0.65 1.4684846469094818e-226
0.6505 9.843546961188944e-227
0.651 6.598326852178234e-227
0.6515 4.422990759310361e-227
0.652 2.964819369396162e-227
0.6525 1.9873778561807846e-227
0.653 1.3321792160453264e-227
0.6535 8.929864334272325e-228
0.654 5.985867071641483e-228
0.6545 4.012446691025505e-228
0.655 2.6896234506440856e-228
0.6555 1.8029085152540804e-228
0.656 1.2085257189431645e-228
0.6565 8.100990155572372e-229
0.657 5.4302560940175304e-229
0.6575 3.640009514926721e-229
0.658 2.439971345615836e-229
0.6585 1.6355617047188388e-229
0.659 1.0963497972012525e-229
0.6595 7.349052465310167e-230
0.66 4.926217186865541e-230
0.6605 3.3021421314808443e-230
0.661 2.213492065590426e-230
0.6615 1.4837481033060672e-230
0.662 9.945860969133928e-231
0.6625 6.66690998269299e-231
0.663 4.4689634065140977e-231
0.6635 2.995635756386019e-231
0.664 2.008034698126609e-231
0.6645 1.3460259112891813e-231
0.665 9.022681508205886e-232
0.6655 6.04808428394449e-232
0.666 4.054152135640872e-232
0.6665 2.717579446198109e-232
0.667 1.821647979480902e-232
0.6675 1.2210871574661397e-232
0.668 8.185191996061656e-233
0.6685 5.486698275610119e-233
0.669 3.6778438406902904e-233
0.6695 2.465332452602875e-233
0.67 1.6525617631217308e-233
0.6705 1.1077452771323624e-233
0.671 7.425438651630303e-234
0.6715 4.9774203787943725e-234
0.672 3.336464657452044e-234
0.6725 2.236499142778915e-234
0.673 1.4991702083459643e-234
0.6735 1.0049238430735335e-234
0.674 6.736205967512236e-235
0.6745 4.5154138942468355e-235
0.675 3.0267724494607818e-235
0.6755 2.028906247661435e-235
0.676 1.360016529334034e-235
0.6765 9.116463425520461e-236
0.677 6.110948183075846e-236
0.6775 4.096291067398941e-236
0.678 2.7458260168732285e-236
0.6785 1.8405822220355942e-236
0.679 1.233779159806758e-236
0.6795 8.2702690319901e-237
0.68 5.543727118248035e-237
0.6805 3.7160714171111133e-237
0.681 2.490957163388258e-237
0.6815 1.6697385204340366e-237
0.682 1.1192592018842359e-237
0.6825 7.502618797322556e-238
0.683 5.029155777605427e-238
0.6835 3.371143932362231e-238
0.684 2.2597453559319227e-238
0.6845 1.5147526110155781e-238
0.685 1.0153690399475934e-238
0.6855 6.806222216001357e-239
0.686 4.5623471891538175e-239
0.6865 3.058232777860223e-239
0.687 2.0499947364406294e-239
0.6875 1.3741525661017037e-239
0.688 9.211220113679673e-240
0.6885 6.174465490636719e-240
0.689 4.1388679919223065e-240
0.6895 2.7743661828756344e-240
0.69 1.8597132674214476e-240
0.6905 1.2466030830285503e-240
0.691 8.356230360020898e-241
0.6915 5.601348719600251e-241
0.692 3.754696331575427e-241
0.6925 2.516848217824681e-241
0.693 1.6870938132322912e-241
0.6935 1.1308928025489734e-241
0.694 7.580601154636125e-242
0.6945 5.081428914935842e-242
0.695 3.406183664174398e-242
0.6955 2.2832331905664807e-242
0.696 1.5304969774043685e-242
0.6965 1.0259228043465134e-242
0.697 6.876966214354462e-243
0.6975 4.6097683093682206e-243
0.698 3.09002010533298e-243
0.6985 2.0713024192461596e-243
0.699 1.388435533014456e-243
0.6995 9.306961704016849e-244
0.7 6.238642997845781e-244
0.7005 4.181887461485364e-244
0.701 2.8032029956769055e-244
0.7015 1.8790431610935724e-244
0.702 1.2595602982361922e-244
0.7025 8.443085170902862e-245
0.703 5.659569240385512e-245
0.7035 3.793722713716437e-245
0.704 2.5430083840757984e-245
0.7045 1.7046294970619497e-245
0.705 1.142647322929318e-245
0.7055 7.659394060978897e-246
0.706 5.134245379484831e-246
0.7065 3.4415875990805146e-246
0.707 2.3069651578124904e-246
0.7075 1.546404990760108e-246
0.708 1.0365862645762657e-246
0.7085 6.948445525766261e-247
0.709 4.657682324607475e-247
0.7095 3.12213783017866e-247
0.71 2.092831574003615e-247
0.7105 1.402866956994453e-247
0.711 9.40369843168353e-248
0.7115 6.303487565445471e-248
0.712 4.225354074921329e-248
0.7125 2.8323395379237765e-248
0.713 1.8985739693818422e-248
0.7135 1.2726521905098879e-248
0.714 8.530842748955428e-249
0.7145 5.718394903957151e-249
0.715 3.833154735094975e-249
0.7155 2.5694404583656708e-249
0.716 1.7223474462483995e-249
0.7165 1.1545240193950306e-249
0.717 7.739005937847048e-250
0.7175 5.187610816204976e-250
0.718 3.4773595209025185e-250
0.7185 2.330943793969412e-250
0.719 1.5624783511628132e-250
0.7195 1.0473605601975447e-250
0.72 7.020667788678457e-251
0.7205 4.7060943548829294e-251
0.721 3.1545893843102546e-251
0.7215 2.1145845010984487e-251
0.722 1.417448379968481e-251
0.7225 9.501440632040183e-252
0.723 6.369006121091491e-252
0.7235 4.2692724757341303e-252
0.724 2.8617789220757397e-252
0.7245 1.9183077785067126e-252
0.725 1.2858801581974167e-252
0.7255 8.619512466955888e-253
0.726 5.777831992631482e-253
0.7265 3.8729966065580635e-253
0.727 2.5961472630844005e-253
0.7275 1.740249552536436e-253
0.728 1.1665241599062145e-253
0.7285 7.819445283824483e-254
0.729 5.241530921290648e-254
0.7295 3.51350324750562e-254
0.73 2.3551716579368157e-254
0.7305 1.5787187736878473e-254
0.731 1.0582468407124765e-254
0.7315 7.093640707390739e-255
0.732 4.75500956379829e-255
0.7325 3.187378228466935e-255
0.733 2.1365635199576443e-255
0.7335 1.4321813564288561e-255
0.734 9.600198723263092e-256
0.7345 6.435205646953482e-256
0.735 4.3136473432541255e-256
0.7355 2.8915242841036025e-256
0.736 1.9382466900894773e-256
0.7365 1.2992456097153518e-256
0.737 8.709103763369655e-257
0.7375 5.837886831473171e-257
0.738 3.913252566695072e-257
0.7385 2.6231316385731116e-257
0.739 1.758337719244338e-257
0.7395 1.178649019856827e-257
0.74 7.9007206450120085e-258
0.7405 5.296011421153812e-258
0.741 3.550022615847042e-258
0.7415 2.379651320590658e-258
0.742 1.5951279808536833e-258
0.7425 1.0692462601986598e-258
0.743 7.167372013932477e-259
0.7435 4.8044331314645507e-259
0.744 3.2205078329765503e-259
0.7445 2.1587709553904425e-259
0.745 1.4470674437328558e-259
0.7455 9.699983137485447e-260
0.746 6.502093130823475e-260
0.7465 4.358483357943948e-260
0.747 2.9215787588645608e-260
0.7475 1.9583928036799483e-260
0.748 1.312749951151786e-260
0.7485 8.799626054403538e-261
0.749 5.898565725912926e-261
0.7495 3.953926837598425e-261
0.75 2.650396411748486e-261
0.7505 1.7766138390195004e-261
0.751 1.190899866300949e-261
0.7515 7.982840503219783e-262
0.752 5.351057993165458e-262
0.7525 3.5869214258055097e-262
0.753 2.404385324972674e-262
0.7535 1.611707674414134e-262
0.754 1.0803599573227911e-262
0.7545 7.241869326478512e-263
0.755 4.854370154200374e-263
0.7555 3.253981606715745e-263
0.756 2.1812090872739066e-263
0.7565 1.4621081664751294e-263
0.757 9.800804068504795e-264
0.7575 6.569675387506989e-264
0.758 4.40378507494816e-264
0.7585 2.9519453905965073e-264
0.759 1.9787481534042566e-264
0.7595 1.3263945414323804e-264
0.76 8.891088416729534e-265
0.7605 5.959874737253992e-265
0.761 3.995023466028768e-265
0.7615 2.6779442837420154e-265
0.762 1.7950797143541074e-265
0.7625 1.2032779017368114e-265
0.763 8.06581287838007e-266
0.7635 5.406675984505858e-266
0.764 3.624203241381822e-266
0.7645 2.4293760457392303e-266
0.765 1.6284594359939356e-266
0.7655 1.0915889851029877e-266
0.766 7.317139652895671e-267
0.7665 4.904825293677871e-267
0.767 3.287802649168095e-267
0.7675 2.203879975360146e-267
0.768 1.4773048927062947e-267
0.7685 9.902670597339178e-268
0.769 6.637958441112805e-268
0.7695 4.4495564877966203e-268
0.77 2.982626824779627e-268
0.7705 1.9993144903644217e-268
0.771 1.3401805386687146e-268
0.7715 8.983498502655891e-269
0.772 6.021818916807e-269
0.7725 4.036545782794362e-269
0.773 2.7057774483086405e-269
0.7735 1.813736788277088e-269
0.774 1.2157840740566932e-269
0.7745 8.149643987525803e-270
0.775 5.462869466002363e-270
0.7755 3.661870723204516e-270
0.776 2.4546252183035554e-270
0.7765 1.6453843949788144e-270
0.777 1.1029340766822426e-270
0.7775 7.393187739002376e-271
0.778 4.955801612237076e-271
0.7785 3.32197292926901e-271
0.779 2.226784880377991e-271
0.7795 1.4926584258661224e-271
0.78 1.000558781602079e-271
0.7805 6.706945498020319e-272
0.781 4.49579959997941e-272
0.7815 3.013624301648369e-272
0.782 2.020092573524177e-272
0.7825 1.3541084006110423e-272
0.783 9.076859021324173e-273
0.7835 6.0843998275275596e-273
0.784 4.078494657367205e-273
0.7845 2.733896362775928e-273
0.785 1.8325852789766334e-273
0.7855 1.2284184672999452e-273
0.786 8.23433395599221e-274
0.7865 5.51963821335049e-274
0.787 3.699923503908435e-274
0.7875 2.480132443687869e-274
0.788 1.6624821764515353e-274
0.7885 1.1143949051242808e-274
0.789 7.470010861238289e-275
0.7895 5.0072969099379316e-275
0.79 3.3564907090798026e-275
0.7905 2.2499224521822176e-275
0.791 1.5081677307030614e-275
0.7915 1.010954786934109e-275
0.792 6.776630648883696e-276
0.7925 4.542509997695521e-276
0.793 3.0449345443519026e-276
0.7935 2.0410799826912527e-276
0.794 1.368176347770684e-276
0.7945 9.171156939867997e-277
0.795 6.147607957069951e-277
0.7955 4.120863168118087e-277
0.796 2.76229600435354e-277
0.7965 1.8516215504855839e-277
0.797 1.2411784552100284e-277
0.7975 8.319863852185034e-278
0.798 5.5769686043224786e-278
0.7985 3.7383517978634716e-278
0.799 2.5058907029890286e-278
0.7995 1.6797477530189102e-278
0.8 1.125967874121632e-278
0.8005 7.5475833243273e-279
0.801 5.05929284802683e-279
0.8015 3.3913429136400617e-279
0.802 2.273283377651021e-279
0.8025 1.5238261795265458e-279
0.803 1.0214503630715314e-279
0.8035 6.846980410321498e-280
0.804 4.589663908560279e-280
0.8045 3.0765406867680937e-280
0.805 2.0622647594422962e-280
0.8055 1.3823759066123026e-280
0.806 9.266332251300747e-281
0.8065 6.211400833811247e-281
0.807 4.1636212703386305e-281
0.8075 2.790955129807875e-281
0.808 1.8708305898163482e-281
0.8085 1.2540534326244798e-281
0.809 8.406158793648689e-282
0.8095 5.6348077866288746e-282
0.81 3.7771183164593936e-282
0.8105 2.5318736981002487e-282
0.811 1.697162584442514e-282
0.8115 1.1376399173037144e-282
0.812 7.625813072876215e-283
0.8125 5.111724592390641e-283
0.813 3.426483894820247e-283
0.8135 2.296835526668684e-283
0.814 1.5396111636241049e-283
0.8145 1.0320296055954197e-283
0.815 6.917882930768713e-284
0.8155 4.6371826909884876e-284
0.816 3.108387450967969e-284
0.8165 2.0836080580015978e-284
0.817 1.396679785388827e-284
0.8175 9.362193257785044e-285
0.818 6.275643839473517e-285
0.8185 4.2066744504309816e-285
0.819 2.819807396872274e-285
0.8195 1.8901658389729458e-285
0.82 1.267010732620119e-285
0.8205 8.492989622857482e-286
0.821 5.692995038854584e-286
0.8215 3.8161103584226075e-286
0.822 2.558002415586215e-286
0.8225 1.7146712857899225e-286
0.823 1.149372219430284e-286
0.8235 7.704428128593792e-287
0.824 5.164401601892851e-287
0.8245 3.461780187737907e-287
0.825 2.3204854296974394e-287
0.8255 1.5554572345902022e-287
0.826 1.0426466945256562e-287
0.8265 6.989017481025609e-288
0.827 4.684841878892802e-288
0.8275 3.1403177672491615e-288
0.828 2.1049999868193556e-288
0.8285 1.411011112292971e-288
0.829 9.458202307087464e-289
0.8295 6.339960991218519e-289
0.83 4.2497598224517065e-289
0.8305 2.8486690247889206e-289
0.831 1.9094988383629538e-289
0.8315 1.2799605777286966e-289
0.832 8.579728999903213e-290
0.8325 5.751092058808748e-290
0.833 3.855021741576793e-290
0.8335 2.584062999136409e-290
0.834 1.732124508702358e-290
0.8345 1.1610604970564114e-290
0.835 7.782700431621687e-291
0.8355 5.216815651716482e-291
0.836 3.4968770754429866e-291
0.8365 2.3439855466572482e-291
0.837 1.5711916707598816e-291
0.8375 1.0531811301569804e-291
0.838 7.059543511795646e-292
0.8385 4.732055228053763e-292
0.839 3.171922815494987e-292
0.8395 2.1261554937221253e-292
0.84 1.4251711612016436e-292
0.8405 9.552974161989494e-293
0.841 6.403386834139258e-293
0.8415 4.29220459792223e-293
0.842 2.877071239202381e-293
0.8425 1.9285030092352765e-293
0.843 1.2926754839807776e-293
0.8435 8.664792569868495e-294
0.844 5.8079955481762936e-294
0.8445 3.8930842696020424e-294
0.845 2.6095206501612844e-294
0.8455 1.7491499926270805e-294
0.846 1.1724456650607874e-294
0.8465 7.858827061488386e-295
0.847 5.267712303717649e-295
0.8475 3.530901867029052e-295
0.848 2.3667288476334365e-295
0.8485 1.5863922917019797e-295
0.849 1.0633393338998515e-295
0.8495 7.127419807667437e-296
0.85 4.777403709135289e-296
0.8505 3.202216243823429e-296
0.851 2.146389074331512e-296
0.8515 1.438683581950691e-296
0.852 9.64319918818927e-297
0.8525 6.463622197786056e-297
0.853 4.332411796172307e-297
0.8535 2.903904953826451e-297
0.854 1.9464082144863613e-297
0.8545 1.3046207545100775e-297
0.855 8.744468538035489e-298
0.8555 5.861129204708199e-298
0.856 3.928510030835364e-298
0.8565 2.633134769430121e-298
0.857 1.7648870352268616e-298
0.8575 1.1829306740030831e-298
0.858 7.928667037011135e-299
0.8585 5.314219906812575e-299
0.859 3.561863452114307e-299
0.8595 2.3873349672715516e-299
0.86 1.6001022832353263e-299
0.8605 1.0724581801747048e-299
0.861 7.188051232686461e-300
0.8615 4.817703600175794e-300
0.862 3.2289925583486354e-300
0.8625 2.1641731263315653e-300
0.863 1.4504904656974471e-300
0.8635 9.721552186569703e-301
0.864 6.515595731682015e-301
0.8645 4.366870985161824e-301
0.865 2.926740595313498e-301
0.8655 1.9615332064250903e-301
0.866 1.3146331599275263e-301
0.8665 8.810709964788814e-302
0.867 5.904927228895304e-302
0.8675 3.957449957693667e-302
0.868 2.6522439309334843e-302
0.8685 1.7774956956908865e-302
0.869 1.1912437098484308e-302
0.8695 7.983430671724845e-303
0.87 5.350264767613878e-303
0.8705 3.585565576889799e-303
0.871 2.4029052292166583e-303
0.8715 1.6103196342351023e-303
0.872 1.0791551799173114e-303
0.8725 7.231892586319246e-304
0.873 4.846365647722358e-304
0.8735 3.24770381791994e-304
0.874 2.1763691608975667e-304
0.8745 1.4584263377302421e-304
0.875 9.773094482311745e-305
0.8755 6.549003643427254e-305
0.876 4.388476449118983e-305
0.8765 2.9406787523749847e-305
0.877 1.9705004106482442e-305
0.8775 1.3203846597514583e-305
0.878 8.847473305759247e-306
0.8785 5.928335253076605e-306
0.879 3.9722886824008265e-306
0.8795 2.6616028285092783e-306
0.88 1.7833637608522668e-306
0.8805 1.1948976451183324e-306
0.881 8.005996362095788e-307
0.8815 5.364062360478693e-307
0.882 3.593898619393997e-307
0.8825 2.4078599508672957e-307
0.883 1.6132060501317934e-307
0.8835 1.0807904386929894e-307
0.884 7.240790643396617e-308
0.8845 4.850909135283448e-308
0.885 3.249770892788332e-308
0.8855 2.177081083406374e-308
0.886 1.4584398213055754e-308
0.8865 9.76999325155697e-309
0.887 6.544728576770563e-309
0.8875 4.38409972839188e-309
0.888 2.93670548757734e-309
0.8885 1.967122122658425e-309
0.889 1.317628488525737e-309
0.8895 8.82561785390587e-310
0.89 5.9113613624302e-310
0.8905 3.9593135803019e-310
0.891 2.65180777767875e-310
0.8915 1.77604380811716e-310
0.892 1.18947286721607e-310
0.8925 7.966074644512e-311
0.893 5.3348584088965e-311
0.8935 3.572644807227e-311
0.894 2.3924612895834e-311
0.8945 1.602093456196e-311
0.895 1.072798923347e-311
0.8955 7.183499547796e-312
0.896 4.809952218594e-312
0.8965 3.22056523082e-312
0.897 2.156302901576e-312
0.8975 1.44368832213e-312
0.898 9.6654661075e-313
0.8985 6.47079306564e-313
0.899 4.3318881326e-313
0.8995 2.8998906548e-313
0.9 1.94120021245e-313
0.9005 1.2994004113e-313
0.901 8.6975967675e-314
0.9015 5.8215518496e-314
0.902 3.8963783966e-314
0.9025 2.607750028e-314
0.903 1.745230838e-314
0.9035 1.167942578e-314
0.904 7.81576328e-315
0.9045 5.23000602e-315
0.905 3.49956006e-315
0.9055 2.34155717e-315
0.906 1.566663413e-315
0.9065 1.048155767e-315
0.907 7.01220657e-316
0.9075 4.69096156e-316
0.908 3.1379563e-316
0.9085 2.09898473e-316
0.909 1.40394015e-316
0.9095 9.3899725e-317
0.91 6.2799474e-317
0.9105 4.199747e-317
0.911 2.8084406e-317
0.9115 1.87794e-317
0.912 1.2556604e-317
0.9125 8.3953e-318
0.913 5.612714e-318
0.9135 3.752167e-318
0.914 2.508203e-318
0.9145 1.676543e-318
0.915 1.12057e-318
0.9155 7.4891e-319
0.916 5.00484e-319
0.9165 3.34443e-319
0.917 2.2347e-319
0.9175 1.4931e-319
0.918 9.975e-320
0.9185 6.6635e-320
0.919 4.4515e-320
0.9195 2.973e-320
0.92 1.9856e-320
0.9205 1.326e-320
0.921 8.854e-321
0.9215 5.914e-321
0.922 3.95e-321
0.9225 2.633e-321
0.923 1.76e-321
0.9235 1.17e-321
0.924 7.86e-322
0.9245 5.2e-322
0.925 3.5e-322
0.9255 2.3e-322
0.926 1.53e-322
0.9265 1.04e-322
0.927 7e-323
0.9275 4.4e-323
0.928 3.5e-323
0.9285 2e-323
0.929 1e-323
0.9295 1e-323
0.93 1e-323
0.9305 5e-324
0.931 5e-324
0.9315 0.0
0.932 0.0
0.9325 0.0
0.933 0.0
0.9335 0.0
0.934 0.0
0.9345 0.0
0.935 0.0
0.9355 0.0
0.936 0.0
0.9365 0.0
0.937 0.0
0.9375 0.0
0.938 0.0
0.9385 0.0
0.939 0.0
0.9395 0.0
0.94 0.0
0.9405 0.0
0.941 0.0
0.9415 0.0
0.942 0.0
0.9425 0.0
0.943 0.0
0.9435 0.0
0.944 0.0
0.9445 0.0
0.945 0.0
0.9455 0.0
0.946 0.0
0.9465 0.0
0.947 0.0
0.9475 0.0
0.948 0.0
0.9485 0.0
0.949 0.0
0.9495 0.0
0.95 0.0
0.9505 0.0
0.951 0.0
0.9515 0.0
0.952 0.0
0.9525 0.0
0.953 0.0
0.9535 0.0
0.954 0.0
0.9545 0.0
0.955 0.0
0.9555 0.0
0.956 0.0
0.9565 0.0
0.957 0.0
0.9575 0.0
0.958 0.0
0.9585 0.0
0.959 0.0
0.9595 0.0
0.96 0.0
0.9605 0.0
0.961 0.0
0.9615 0.0
0.962 0.0
0.9625 0.0
0.963 0.0
0.9635 0.0
0.964 0.0
0.9645 0.0
0.965 0.0
0.9655 0.0
0.966 0.0
0.9665 0.0
0.967 0.0
0.9675 0.0
0.968 0.0
0.9685 0.0
0.969 0.0
0.9695 0.0
0.97 0.0
0.9705 0.0
0.971 0.0
0.9715 0.0
0.972 0.0
0.9725 0.0
0.973 0.0
0.9735 0.0
0.974 0.0
0.9745 0.0
0.975 0.0
0.9755 0.0
0.976 0.0
0.9765 0.0
0.977 0.0
0.9775 0.0
0.978 0.0
0.9785 0.0
0.979 0.0
0.9795 0.0
0.98 0.0
0.9805 0.0
0.981 0.0
0.9815 0.0
0.982 0.0
0.9825 0.0
0.983 0.0
0.9835 0.0
0.984 0.0
0.9845 0.0
0.985 0.0
0.9855 0.0
0.986 0.0
0.9865 0.0
0.987 0.0
0.9875 0.0
0.988 0.0
0.9885 0.0
0.989 0.0
0.9895 0.0
0.99 0.0
0.9905 0.0
0.991 0.0
0.9915 0.0
0.992 0.0
0.9925 0.0
0.993 0.0
0.9935 0.0
0.994 0.0
0.9945 0.0
0.995 0.0
0.9955 0.0
0.996 0.0
0.9965 0.0
0.997 0.0
0.9975 0.0
0.998 0.0
0.9985 0.0
0.999 0.0
0.9995 0.0
