-1.88975478836233e-17 0.999426616172468 10000 0.0 5e-07
0.015471129709512 0.999426616172468 10000 0.05 5e-07
0.031665556800353 0.999426616172468 10000 0.1 5e-07
0.0486537926132347 0.999426616172468 10000 0.15 5e-07
0.0665175989751379 0.999426616172468 10000 0.2 5e-07
0.0853525954012769 0.999426616172468 10000 0.25 5e-07
0.10527168891989 0.999426616172468 10000 0.3 5e-07
0.126409661833496 0.999426616172468 10000 0.35 5e-07
0.148929432533427 0.999426616172468 10000 0.4 5e-07
0.173030794187101 0.999426616172468 10000 0.45 5e-07
0.198962936397017 0.999426616172468 10000 0.5 5e-07
0.227042949221132 0.999426616172468 10000 0.55 5e-07
0.2576841925629 0.999426616172468 10000 0.6 5e-07
0.291441775499086 0.999426616172468 10000 0.65 5e-07
0.329089622465273 0.999426616172468 10000 0.7 5e-07
0.37176065587308 0.999426616172468 10000 0.75 5e-07
0.421226974032646 0.999426616172468 10000 0.8 5e-07
0.480539079132227 0.999426616172468 10000 0.85 5e-07
0.555812814050788 0.999426616172468 10000 0.9 5e-07
0.663463445272648 0.999426616172468 10000 0.95 5e-07
0.692963522719763 0.999426616172468 10000 0.96 5e-07
0.727643867703898 0.999426616172468 10000 0.97 5e-07
0.770635919036925 0.999426616172468 10000 0.98 5e-07
0.830248321248827 0.999426616172468 10000 0.99 5e-07
0.875433771753819 0.999426616172468 10000 0.995 5e-07
0.940987862961029 0.999426616172468 10000 0.999 5e-07
0.999182866664368 0.999426616172468 10000 1.0 5e-07
