-1e-09 3.85765846908775e-7 
-1.1000000000000001e-09 4.24348438377714e-7 
-1.2100000000000002e-09 4.66777047024997e-7 
-1.3310000000000003e-09 5.13459522039073e-7 
-1.4641000000000004e-09 5.6480671772885e-7 
-1.6105100000000005e-09 6.2127885199284e-7 
-1.7715610000000006e-09 6.83387042718642e-7 
-1.9487171000000006e-09 7.51728638233307e-7 
-2.1435888100000007e-09 8.26885253910753e-7 
-2.357947691000001e-09 9.09567485933571e-7 
-2.593742460100001e-09 1.00052174815263e-6 
-2.8531167061100014e-09 1.10055623480515e-6 
-3.138428376721002e-09 1.21059582896058e-6 
-3.4522712143931024e-09 1.33163700044917e-6 
-3.797498335832413e-09 1.46477992320551e-6 
-4.177248169415654e-09 1.61123297510307e-6 
-4.59497298635722e-09 1.77233134015728e-6 
-5.054470284992942e-09 1.94951850619046e-6 
-5.559917313492237e-09 2.14442641736229e-6 
-6.115909044841462e-09 2.35881299403759e-6 
-6.727499949325608e-09 2.59462401935168e-6 
-7.400249944258169e-09 2.85400553403162e-6 
-8.140274938683987e-09 3.1393067376588e-6 
-8.954302432552387e-09 3.45311715969562e-6 
-9.849732675807627e-09 3.79828358502282e-6 
-1.083470594338839e-08 4.1779366627831e-6 
-1.1918176537727231e-08 4.59551671359165e-6 
-1.3109994191499954e-08 5.0548125705499e-6 
-1.442099361064995e-08 5.5599799336295e-6 
-1.5863092971714947e-08 6.11560300956687e-6 
-1.7449402268886442e-08 6.72670598174038e-6 
-1.9194342495775087e-08 7.39882497571495e-6 
-2.11137767453526e-08 8.13804064348986e-6 
-2.322515441988786e-08 8.95103775443856e-6 
-2.554766986187665e-08 9.84516405071537e-6 
-2.8102436848064315e-08 1.08284989439877e-5 
-3.091268053287075e-08 1.1909918690791e-5 
-3.4003948586157825e-08 1.3099180897834e-5 
-3.740434344477361e-08 1.4407006453665e-5 
-4.1144777789250974e-08 1.5845175328516e-5 
-4.5259255568176076e-08 1.74266307808903e-5 
-4.978518112499369e-08 1.91655887044652e-5 
-5.476369923749306e-08 2.10776664525403e-5 
-6.024006916124237e-08 2.3180012199718e-5 
-6.626407607736661e-08 2.54914563316208e-5 
-7.289048368510328e-08 2.80326706061998e-5 
-8.017953205361362e-08 3.08263446873944e-5 
-8.819748525897498e-08 3.38973764428645e-5 
-9.701723378487248e-08 3.72730816298739e-5 
-1.0671895716335973e-07 4.09834196829391e-5 
-1.1739085287969572e-07 4.50612395701371e-5 
-1.291299381676653e-07 4.95425477385972e-5 
-1.4204293198443184e-07 5.44667963755172e-5 
-1.5624722518287503e-07 5.98771966368351e-5 
-1.7187194770116256e-07 6.58210553851311e-5 
-1.8905914247127882e-07 7.23501387369513e-5 
-2.0796505671840672e-07 7.9521061562806e-5 
-2.2876156239024742e-07 8.73957048653264e-5 
-2.516377186292722e-07 9.60416615397204e-5 
-2.768014904921994e-07 0.000105532709147302 
-3.044816395414194e-07 0.00011594931152244 
-3.3492980349556136e-07 0.000127379145930018 
-3.6842278384511754e-07 0.000139917654751149 
-4.052650622296293e-07 0.000153668618922714 
-4.457915684525923e-07 0.000168744747649687 
-4.903707252978516e-07 0.000185268279611933 
-5.394077978276368e-07 0.000203371586618938 
-5.933485776104006e-07 0.000223197769440953 
-6.526834353714406e-07 0.000244901233142157 
-7.179517789085848e-07 0.000268648223594757 
-7.897469567994433e-07 0.000294617306000656 
-8.687216524793876e-07 0.000322999757949135 
-9.555938177273266e-07 0.000353999846695211 
-1.0511531995000594e-06 0.000387834952066624 
-1.1562685194500653e-06 0.000424735489787491 
-1.271895371395072e-06 0.000464944581423449 
-1.3990849085345792e-06 0.000508717407171254 
-1.5389933993880373e-06 0.000556320168324152 
-1.6928927393268412e-06 0.000608028573846835 
-1.8621820132595254e-06 0.000664125754170901 
-2.048400214585478e-06 0.000724899492796409 
-2.253240236044026e-06 0.000790638653987888 
-2.4785642596484286e-06 0.000861628673135186 
-2.7264206856132716e-06 0.000938145966701238 
-2.999062754174599e-06 0.00102045111123842 
-3.298969029592059e-06 0.00110878063790768 
-3.6288659325512653e-06 0.00120333729241267 
-3.991752525806392e-06 0.00130427862111536 
-4.390927778387032e-06 0.00141170376676252 
-4.830020556225735e-06 0.00152563839300406 
-5.313022611848309e-06 0.00164601771019154 
-5.84432487303314e-06 0.0017726676484896 
-6.428757360336455e-06 0.00190528432194469 
-7.071633096370101e-06 0.00204341205173114 
-7.778796406007112e-06 0.00218642037118616 
-8.556676046607824e-06 0.00233348062058499 
-9.412343651268607e-06 0.00248354295653391 
-1.035357801639547e-05 0.00263531484681202 
-1.1388935818035018e-05 0.0027872423923722 
-1.252782939983852e-05 0.00293749610613664 
-1.3780612339822372e-05 0.00308396307143167 
-1.515867357380461e-05 0.00322424768576957 
-1.667454093118507e-05 0.00335568344614951 
-1.834199502430358e-05 0.00347535842283938 
-2.017619452673394e-05 0.00358015716297879 
-2.2193813979407334e-05 0.00366682171729913 
-2.441319537734807e-05 0.00373203423209724 
-2.685451491508288e-05 0.00377252301693729 
-2.9539966406591172e-05 0.00378519308718112 
-3.249396304725029e-05 0.00376728076811328 
-3.574335935197533e-05 0.00371652989452238 
-3.9317695287172864e-05 0.00363138430618481 
-4.3249464815890156e-05 0.00351118762416014 
-4.757441129747918e-05 0.00335637670440271 
-5.2331852427227096e-05 0.00316864993772773 
-5.756503766994981e-05 0.00295108631038966 
-6.33215414369448e-05 0.00270818701008245 
-6.965369558063929e-05 0.00244581014840004 
-7.661906513870322e-05 0.00217097319394999 
-8.428097165257354e-05 0.00189150933132248 
-9.27090688178309e-05 0.0016155845636719 
-0.000101979975699614 0.00135111089665046 
-0.00011217797326957541 0.00110512244624193 
-0.00012339577059653298 0.000883206648533809 
-0.00013573534765618628 0.000689090451613537 
-0.0001493088824218049 0.000524462304814296 
-0.00016423977066398542 0.000389064114298773 
-0.00018066374773038397 0.000281024489422477 
-0.00019873012250342238 0.000197347057225303 
-0.00021860313475376465 0.000134437920844432 
-0.00024046344822914112 8.85661121895224e-5 
-0.00026450979305205524 5.61935400656755e-5 
-0.00029096077235726077 3.41647188875925e-5 
-0.0003200568495929869 1.97869769100586e-5 
-0.0003520625345522856 1.08453291480961e-5 
-0.0003872687880075142 5.58601483893856e-6 
-0.00042599566680826564 2.68359048770876e-6 
-0.00046859523348909225 1.19309552116015e-6 
-0.0005154547568380015 4.86827988071118e-7 
-0.0005670002325218017 1.80706298814711e-7 
-0.000623700255773982 6.04401272968654e-8 
-0.0006860702813513802 1.80271645526079e-8 
-0.0007546773094865183 4.74081611439139e-9 
-0.0008301450404351702 1.08566501629905e-9 
-0.0009131595444786873 2.13555982899896e-10 
-0.001004475498926556 3.55436142922789e-11 
-0.0011049230488192118 4.92322356511392e-12 
-0.0012154153537011331 5.57258945109609e-13 
-0.0013369568890712466 5.05208111164505e-14 
-0.0014706525779783714 3.58840133358702e-15 
-0.0016177178357762087 1.94894145541524e-16 
-0.0017794896193538297 7.88052564135219e-18 
-0.0019574385812892127 2.30355073117989e-19 
-0.0021531824394181343 4.71274406456023e-21 
-0.002368500683359948 6.51211890421998e-23 
-0.002605350751695943 5.844304804941e-25 
-0.0028658858268655377 3.26280360774617e-27 
-0.0031524744095520916 1.08070544170945e-29 
-0.003467721850507301 2.01572216801164e-32 
-0.003814494035558031 1.99913037405411e-35 
-0.004195943439113834 9.89745755941169e-39 
-0.004615537783025218 2.28201583606817e-42 
