-1.88975478836233e-17 0.999426616172468 10000 0.0 5e-05
0.00299914875497569 0.999426616172468 10000 0.05 5e-05
0.00627680800484292 0.999426616172468 10000 0.1 5e-05
0.0098745087878506 0.999426616172468 10000 0.15 5e-05
0.0138426298817096 0.999426616172468 10000 0.2 5e-05
0.0182429267222946 0.999426616172468 10000 0.25 5e-05
0.023151995360891 0.999426616172468 10000 0.3 5e-05
0.0286661043974929 0.999426616172468 10000 0.35 5e-05
0.0349080829654732 0.999426616172468 10000 0.4 5e-05
0.0420373793079783 0.999426616172468 10000 0.45 5e-05
0.0502651684863427 0.999426616172468 10000 0.5 5e-05
0.0598778021155378 0.999426616172468 10000 0.55 5e-05
0.0712746504681755 0.999426616172468 10000 0.6 5e-05
0.085032114436331 0.999426616172468 10000 0.65 5e-05
0.102018381160687 0.999426616172468 10000 0.7 5e-05
0.12361492078814 0.999426616172468 10000 0.75 5e-05
0.152187832636979 0.999426616172468 10000 0.8 5e-05
0.19223740932101 0.999426616172468 10000 0.85 5e-05
0.253850957056867 0.999426616172468 10000 0.9 5e-05
0.367844935728157 0.999426616172468 10000 0.95 5e-05
0.405345164470763 0.999426616172468 10000 0.96 5e-05
0.45329422418251 0.999426616172468 10000 0.97 5e-05
0.518894401918643 0.999426616172468 10000 0.98 5e-05
0.621885620863457 0.999426616172468 10000 0.99 5e-05
0.709799495229178 0.999426616172468 10000 0.995 5e-05
0.853724206009817 0.999426616172468 10000 0.999 5e-05
0.999182866664368 0.999426616172468 10000 1.0 5e-05
