-1e-09 0.0 
-1.1000000000000001e-09 0.0 
-1.2100000000000002e-09 0.0 
-1.3310000000000003e-09 0.0 
-1.4641000000000004e-09 0.0 
-1.6105100000000005e-09 0.0 
-1.7715610000000006e-09 0.0 
-1.9487171000000006e-09 0.0 
-2.1435888100000007e-09 0.0 
-2.357947691000001e-09 0.0 
-2.593742460100001e-09 0.0 
-2.8531167061100014e-09 0.0 
-3.138428376721002e-09 0.0 
-3.4522712143931024e-09 0.0 
-3.797498335832413e-09 0.0 
-4.177248169415654e-09 0.0 
-4.59497298635722e-09 0.0 
-5.054470284992942e-09 0.0 
-5.559917313492237e-09 0.0 
-6.115909044841462e-09 0.0 
-6.727499949325608e-09 0.0 
-7.400249944258169e-09 0.0 
-8.140274938683987e-09 0.0 
-8.954302432552387e-09 0.0 
-9.849732675807627e-09 0.0 
-1.083470594338839e-08 1.061997711993e-14 
-1.1918176537727231e-08 0.0 
-1.3109994191499954e-08 0.0 
-1.442099361064995e-08 1.2490009027033e-16 
-1.5863092971714947e-08 0.0 
-1.7449402268886442e-08 0.0 
-1.9194342495775087e-08 9.0205620750794e-17 
-2.11137767453526e-08 0.0 
-2.322515441988786e-08 1.68962066560141e-14 
-2.554766986187665e-08 5.51642065360625e-16 
-2.8102436848064315e-08 1.77115266897232e-14 
-3.091268053287075e-08 8.57647286522933e-15 
-3.4003948586157825e-08 4.25701141004708e-15 
-3.740434344477361e-08 8.95464258299228e-15 
-4.1144777789250974e-08 1.53869972319143e-14 
-4.5259255568176076e-08 2.41161257630296e-14 
-4.978518112499369e-08 4.82253126321552e-14 
-5.476369923749306e-08 3.46181416865932e-14 
-6.024006916124237e-08 3.01356162246691e-14 
-6.626407607736661e-08 5.34988719991247e-14 
-7.289048368510328e-08 7.38645256070924e-14 
-8.017953205361362e-08 7.3222677920981e-14 
-8.819748525897498e-08 1.08857367564497e-13 
-9.701723378487248e-08 1.85438470134969e-13 
-1.0671895716335973e-07 1.93709631668426e-13 
-1.1739085287969572e-07 2.43249864695372e-13 
-1.291299381676653e-07 3.24709009680291e-13 
-1.4204293198443184e-07 4.10567413400287e-13 
-1.5624722518287503e-07 6.02237010260964e-13 
-1.7187194770116256e-07 7.7745795912243e-13 
-1.8905914247127882e-07 1.00777025613397e-12 
-2.0796505671840672e-07 1.48122833443232e-12 
-2.2876156239024742e-07 1.81084661154962e-12 
-2.516377186292722e-07 2.45758621786329e-12 
-2.768014904921994e-07 3.26910373771305e-12 
-3.044816395414194e-07 4.315652002429e-12 
-3.3492980349556136e-07 5.71637875923514e-12 
-3.6842278384511754e-07 7.62955670863263e-12 
-4.052650622296293e-07 1.02008089475358e-11 
-4.457915684525923e-07 1.35879051066379e-11 
-4.903707252978516e-07 1.8047320582415e-11 
-5.394077978276368e-07 2.40125558326199e-11 
-5.933485776104006e-07 3.19050307007185e-11 
-6.526834353714406e-07 4.24294696599326e-11 
-7.179517789085848e-07 5.63935564912299e-11 
-7.897469567994433e-07 7.49739818839412e-11 
-8.687216524793876e-07 9.96843406431136e-11 
-9.555938177273266e-07 1.3247585667342e-10 
-1.0511531995000594e-06 1.76042867783277e-10 
-1.1562685194500653e-06 2.33874992289218e-10 
-1.271895371395072e-06 3.10669732994651e-10 
-1.3990849085345792e-06 4.1260563368728e-10 
-1.5389933993880373e-06 5.47847826132264e-10 
-1.6928927393268412e-06 7.27248254672741e-10 
-1.8621820132595254e-06 9.6516124259427e-10 
-2.048400214585478e-06 1.28051004869012e-9 
-2.253240236044026e-06 1.69833202709468e-9 
-2.4785642596484286e-06 2.25168904008366e-9 
-2.7264206856132716e-06 2.98415315722056e-9 
-2.999062754174599e-06 3.95316785209432e-9 
-3.298969029592059e-06 5.23431322937973e-9 
-3.6288659325512653e-06 6.92698015961057e-9 
-3.991752525806392e-06 9.16162804648346e-9 
-4.390927778387032e-06 1.21093256984228e-8 
-4.830020556225735e-06 1.59939700997147e-8 
-5.313022611848309e-06 2.11080788334317e-8 
-5.84432487303314e-06 2.78330574317309e-8 
-6.428757360336455e-06 3.66650609179286e-8 
-7.071633096370101e-06 4.82478784355478e-8 
-7.778796406007112e-06 6.34144582158103e-8 
-8.556676046607824e-06 8.32389874978745e-8 
-9.412343651268607e-06 1.09101690150964e-7 
-1.035357801639547e-05 1.42768650689823e-7 
-1.1388935818035018e-05 1.86489009807583e-7 
-1.252782939983852e-05 2.4311163079882e-7 
-1.3780612339822372e-05 3.16222671676442e-7 
-1.515867357380461e-05 4.10304168262793e-7 
-1.667454093118507e-05 5.30911408655466e-7 
-1.834199502430358e-05 6.84863239557021e-7 
-2.017619452673394e-05 8.80433831194904e-7 
-2.2193813979407334e-05 1.1275265378724e-6 
-2.441319537734807e-05 1.43779957420542e-6 
-2.685451491508288e-05 1.8246992118786e-6 
-2.9539966406591172e-05 2.30333909828108e-6 
-3.249396304725029e-05 2.89014537833802e-6 
-3.574335935197533e-05 3.60216924646592e-6 
-3.9317695287172864e-05 4.4559565550821e-6 
-4.3249464815890156e-05 5.46586648834425e-6 
-4.757441129747918e-05 6.64176007693709e-6 
-5.2331852427227096e-05 7.98604932572469e-6 
-5.756503766994981e-05 9.49022374383685e-6 
-6.33215414369448e-05 1.11311613213046e-5 
-6.965369558063929e-05 1.28677763266503e-5 
-7.661906513870322e-05 1.46388163706004e-5 
-8.428097165257354e-05 1.63628128296892e-5 
-9.27090688178309e-05 1.7941187665405e-5 
-0.000101979975699614 1.92651899886169e-5 
-0.00011217797326957541 2.02265974715526e-5 
-0.00012339577059653298 2.07310413025418e-5 
-0.00013573534765618628 2.07116924969813e-5 
-0.0001493088824218049 2.01403699632718e-5 
-0.00016423977066398542 1.90333830072348e-5 
-0.00018066374773038397 1.74507586503639e-5 
-0.00019873012250342238 1.54894801000712e-5 
-0.00021860313475376465 1.32729890597203e-5 
-0.00024046344822914112 1.09394949852932e-5 
-0.00026450979305205524 8.63039653275109e-6 
-0.00029096077235726077 6.47838486294794e-6 
-0.0003200568495929869 4.59429005112993e-6 
-0.0003520625345522856 3.05344998970011e-6 
-0.0003872687880075142 1.88532788479022e-6 
-0.00042599566680826564 1.07156555671966e-6 
-0.00046859523348909225 5.55396366186848e-7 
-0.0005154547568380015 2.60031034061627e-7 
-0.0005670002325218017 1.08933801184003e-7 
-0.000623700255773982 4.04448122099131e-8 
-0.0006860702813513802 1.31788350941204e-8 
-0.0007546773094865183 3.73043350464858e-9 
-0.0008301450404351702 9.07284303079967e-10 
-0.0009131595444786873 1.87332448060871e-10 
-0.001004475498926556 3.24024161375088e-11 
-0.0011049230488192118 4.62550153846039e-12 
-0.0012154153537011331 5.35911345428168e-13 
-0.0013369568890712466 4.94582953843971e-14 
-0.0014706525779783714 3.56037878780947e-15 
-0.0016177178357762087 1.95307218436429e-16 
-0.0017794896193538297 7.95475430415936e-18 
-0.0019574385812892127 2.33729965098237e-19 
-0.0021531824394181343 4.7988730775722e-21 
-0.002368500683359948 6.6467052866941e-23 
-0.002605350751695943 5.97359161993569e-25 
-0.0028658858268655377 3.33743754951507e-27 
-0.0031524744095520916 1.1056770612352e-29 
-0.003467721850507301 2.06200563541974e-32 
-0.003814494035558031 2.04420383002951e-35 
-0.004195943439113834 1.01146677623341e-38 
-0.004615537783025218 2.33044761968911e-42 
