-1.88975478836233e-17 0.999426616172468 10000 0.0 0.0005
1.11805279757238e-5 0.999426616172468 10000 0.05 0.0005
2.36014927835273e-5 0.999426616172468 10000 0.1 0.0005
3.74814521917932e-5 0.999426616172468 10000 0.15 0.0005
5.30935129861027e-5 0.999426616172468 10000 0.2 0.0005
7.07834817382299e-5 0.999426616172468 10000 0.25 0.0005
9.09957799890237e-5 0.999426616172468 10000 0.3 0.0005
0.000114311296185297 0.999426616172468 10000 0.35 0.0005
0.000141504121944334 0.999426616172468 10000 0.4 0.0005
0.000173629161068039 0.999426616172468 10000 0.45 0.0005
0.00021216216593028 0.999426616172468 10000 0.5 0.0005
0.000259232858153509 0.999426616172468 10000 0.55 0.0005
0.00031803231445739 0.999426616172468 10000 0.6 0.0005
0.00039356822592202 0.999426616172468 10000 0.65 0.0005
0.000494172096349438 0.999426616172468 10000 0.7 0.0005
0.00063480551774273 0.999426616172468 10000 0.75 0.0005
0.000845292991818281 0.999426616172468 10000 0.8 0.0005
0.00119487431129489 0.999426616172468 10000 0.85 0.0005
0.00188942966300289 0.999426616172468 10000 0.9 0.0005
0.00393653617484517 0.999426616172468 10000 0.95 0.0005
0.00493991212401306 0.999426616172468 10000 0.96 0.0005
0.00658337378625767 0.999426616172468 10000 0.97 0.0005
0.00976819860137002 0.999426616172468 10000 0.98 0.0005
0.0186196508691561 0.999426616172468 10000 0.99 0.0005
0.0339702447675918 0.999426616172468 10000 0.995 0.0005
0.110843360340906 0.999426616172468 10000 0.999 0.0005
0.999120020356842 0.999426616172468 10000 1.0 0.0005
