-1e-09 7.71523558963649e-8 
-1.1000000000000001e-09 4.45428305084761e-6 
-1.2100000000000002e-09 4.48981909761947e-6 
-1.3310000000000003e-09 4.54845198771814e-6 
-1.4641000000000004e-09 4.63476820722342e-6 
-1.6105100000000005e-09 4.75431931645787e-6 
-1.7715610000000006e-09 4.91380527645191e-6 
-1.9487171000000006e-09 5.12137139585533e-6 
-2.1435888100000007e-09 5.38685806428241e-6 
-2.357947691000001e-09 5.72216473626597e-6 
-2.593742460100001e-09 6.14171983737144e-6 
-2.8531167061100014e-09 6.66296794937793e-6 
-3.138428376721002e-09 7.30703257012522e-6 
-3.4522712143931024e-09 8.09946825341967e-6 
-3.797498335832413e-09 9.07119073900731e-6 
-4.177248169415654e-09 1.0259623762332e-5 
-4.59497298635722e-09 1.1710044960811e-5 
-5.054470284992942e-09 1.34772300472985e-5 
-5.559917313492237e-09 1.56274669098622e-5 
-6.115909044841462e-09 1.82409508389103e-5 
-6.727499949325608e-09 2.14147056059044e-5 
-7.400249944258169e-09 2.52661135167198e-5 
-8.140274938683987e-09 2.99371748198052e-5 
-8.954302432552387e-09 3.55996695027283e-5 
-9.849732675807627e-09 4.24613778500227e-5 
-1.083470594338839e-08 5.07736265320524e-5 
-1.1918176537727231e-08 6.08403711392924e-5 
-1.3109994191499954e-08 7.30291905175484e-5 
-1.442099361064995e-08 8.77845518849618e-5 
-1.5863092971714947e-08 0.000105643817055912 
-1.7449402268886442e-08 0.000127256543205556 
-1.9194342495775087e-08 0.000153407751783075 
-2.11137767453526e-08 0.00018504594544333 
-2.322515441988786e-08 0.00022331680925336 
-2.554766986187665e-08 0.00026960370661655 
-2.8102436848064315e-08 0.000325576267800498 
-3.091268053287075e-08 0.000393248570577986 
-3.4003948586157825e-08 0.000475048674326572 
-3.740434344477361e-08 0.000573901480553252 
-4.1144777789250974e-08 0.000693327167443192 
-4.5259255568176076e-08 0.000837557645710252 
-4.978518112499369e-08 0.00101167366235577 
-5.476369923749306e-08 0.00122176522564343 
-6.024006916124237e-08 0.00147511789575505 
-6.626407607736661e-08 0.00178042706505899 
-7.289048368510328e-08 0.00214804147384684 
-8.017953205361362e-08 0.0025902357077523 
-8.819748525897498e-08 0.00312150903152286 
-9.701723378487248e-08 0.0037589043501367 
-1.0671895716335973e-07 0.00452233605758035 
-1.1739085287969572e-07 0.00543490875335828 
-1.291299381676653e-07 0.00652320016818964 
-1.4204293198443184e-07 0.00781747130173138 
-1.5624722518287503e-07 0.00935175544659228 
-1.7187194770116256e-07 0.0111637669157703 
-1.8905914247127882e-07 0.0132945624223806 
-2.0796505671840672e-07 0.0157878867572578 
-2.2876156239024742e-07 0.0186891440689636 
-2.516377186292722e-07 0.0220439610022538 
-2.768014904921994e-07 0.0258963508535996 
-3.044816395414194e-07 0.0302865477160734 
-3.3492980349556136e-07 0.0352486495334852 
-3.6842278384511754e-07 0.0408082759234956 
-4.052650622296293e-07 0.0469804927728636 
-4.457915684525923e-07 0.0537682632579262 
-4.903707252978516e-07 0.0611616431739463 
-5.394077978276368e-07 0.069137849073293 
-5.933485776104006e-07 0.0776622072071074 
-6.526834353714406e-07 0.0866898668375997 
-7.179517789085848e-07 0.0961680621402117 
-7.897469567994433e-07 0.106038653549806 
-8.687216524793876e-07 0.116240678482564 
-9.555938177273266e-07 0.126712684719312 
-1.0511531995000594e-06 0.1373946897319 
-1.1562685194500653e-06 0.148229686099307 
-1.271895371395072e-06 0.159164681043131 
-1.3990849085345792e-06 0.17015130802064 
-1.5389933993880373e-06 0.181146077974002 
-1.6928927393268412e-06 0.192110349701491 
-1.8621820132595254e-06 0.203010097646683 
-2.048400214585478e-06 0.213815546282672 
-2.253240236044026e-06 0.224500727474218 
-2.4785642596484286e-06 0.235043003753973 
-2.7264206856132716e-06 0.245422588161032 
-2.999062754174599e-06 0.255622081027674 
-3.298969029592059e-06 0.265626036085814 
-3.6288659325512653e-06 0.275420562359274 
-3.991752525806392e-06 0.284992964192045 
-4.390927778387032e-06 0.294331419071052 
-4.830020556225735e-06 0.303424691292368 
-5.313022611848309e-06 0.312261878695605 
-5.84432487303314e-06 0.32083218942512 
-6.428757360336455e-06 0.32912474579263 
-7.071633096370101e-06 0.33712841269271 
-7.778796406007112e-06 0.344831648576593 
-8.556676046607824e-06 0.352222377666102 
-9.412343651268607e-06 0.359287882863152 
-1.035357801639547e-05 0.366014719659254 
-1.1388935818035018e-05 0.372388652277167 
-1.252782939983852e-05 0.378394614278515 
-1.3780612339822372e-05 0.384016696951328 
-1.515867357380461e-05 0.389238169947101 
-1.667454093118507e-05 0.394041539855014 
-1.834199502430358e-05 0.398408653648992 
-2.017619452673394e-05 0.402320855164606 
-2.2193813979407334e-05 0.40575920385296 
-2.441319537734807e-05 0.408704765861855 
-2.685451491508288e-05 0.411138987770248 
-2.9539966406591172e-05 0.413044162720089 
-3.249396304725029e-05 0.414403996794366 
-3.574335935197533e-05 0.415204279720002 
-3.9317695287172864e-05 0.415433657657239 
-4.3249464815890156e-05 0.415084496292083 
-4.757441129747918e-05 0.414153809118406 
-5.2331852427227096e-05 0.412644208525106 
-5.756503766994981e-05 0.410564816731913 
-6.33215414369448e-05 0.407932051680713 
-6.965369558063929e-05 0.404770183410301 
-7.661906513870322e-05 0.401111544975251 
-8.428097165257354e-05 0.39699628597302 
-9.27090688178309e-05 0.392471583669382 
-0.000101979975699614 0.387590281257818 
-0.00011217797326957541 0.382409003071326 
-0.00012339577059653298 0.37698589084536 
-0.00013573534765618628 0.371378191359428 
-0.0001493088824218049 0.365639976349695 
-0.00016423977066398542 0.359820267411011 
-0.00018066374773038397 0.353961765169654 
-0.00019873012250342238 0.348100260570382 
-0.00021860313475376465 0.342264674083169 
-0.00024046344822914112 0.336477568382057 
-0.00026450979305205524 0.330755939484041 
-0.00029096077235726077 0.325112111352679 
-0.0003200568495929869 0.31955461573295 
-0.0003520625345522856 0.314088999358831 
-0.0003872687880075142 0.308718540610435 
-0.00042599566680826564 0.303444872007531 
-0.00046859523348909225 0.298268503921972 
-0.0005154547568380015 0.293189242804592 
-0.0005670002325218017 0.288206501928882 
-0.000623700255773982 0.283319513017175 
-0.0006860702813513802 0.278527457182876 
-0.0007546773094865183 0.273829538455104 
-0.0008301450404351702 0.269225021766448 
-0.0009131595444786873 0.264713251952601 
-0.001004475498926556 0.260293664147997 
-0.0011049230488192118 0.255965791060675 
-0.0012154153537011331 0.251729269588628 
-0.0013369568890712466 0.24758384773547 
-0.0014706525779783714 0.243529392178989 
-0.0016177178357762087 0.23956589665092 
-0.0017794896193538297 0.235693491243589 
-0.0019574385812892127 0.231912452762138 
-0.0021531824394181343 0.228223216256429 
-0.002368500683359948 0.224626387887307 
-0.002605350751695943 0.221122759306656 
-0.0028658858268655377 0.217713323760046 
-0.0031524744095520916 0.214399294154912 
-0.003467721850507301 0.211182123379496 
-0.003814494035558031 0.208063527206313 
-0.004195943439113834 0.20504551017336 
-0.004615537783025218 0.2021303949077 
