0.129335350541908 0.882432405169569 100 0.75 0.0005
0.1233886437776 0.944482512994275 200 0.75 0.0005
0.0805167722980737 0.980494569844453 500 0.75 0.0005
0.0461459910240189 0.991316081214273 1000 0.75 0.0005
0.0199946945945182 0.996158339634111 2000 0.75 0.0005
0.00356410748355526 0.998698249943276 5000 0.75 0.0005
0.00063480551774273 0.999426616172468 10000 0.75 0.0005
0.000104177625579075 0.999747550437017 20000 0.75 0.0005
1.10046869361321e-5 0.999914672759808 50000 0.75 0.0005
0.129335350541908 0.882432405169569 100 0.75 0.0005
0.1233886437776 0.944482512994275 200 0.75 0.0005
0.0805167722980737 0.980494569844453 500 0.75 0.0005
0.0461459910240189 0.991316081214273 1000 0.75 0.0005
0.0199946945945182 0.996158339634111 2000 0.75 0.0005
0.00356410748355526 0.998698249943276 5000 0.75 0.0005
0.00063480551774273 0.999426616172468 10000 0.75 0.0005
0.000104177625579075 0.999747550437017 20000 0.75 0.0005
1.10046869361321e-5 0.999914672759808 50000 0.75 0.0005
