-0.5 0.0 0.003 0.0 0.0 0.0
-0.25 8.454321007468502e-173 0.003 0.0 6.289820937875936e-217 8.454321007468502e-173
-0.125 4.273934746558669e-87 0.003 0.0 1.5013746023834652e-108 4.273934746558669e-87
-0.0625 3.3058336656361363e-44 0.003 0.0 1.972257590323647e-54 3.3058336658333625e-44
-0.03125 1.0166321049626145e-22 0.003 0.0 1.9239010142135777e-27 1.0166513439727565e-22
-0.015625 6.368688325068185e-12 0.003 0.0 5.07958035410414e-14 6.419484128609227e-12
-0.0078125 1.702511722668736e-06 0.003 0.0 2.1635259009304604e-07 1.918864312761782e-06
-0.00390625 0.0007452240977510195 0.003 0.0 0.00035258712588316545 0.001097811223634185
-0.001953125 0.011152130765027041 0.003 0.0 0.010339638866713276 0.02149176963174032
-0.0009765625 0.03275883657855731 0.003 0.0 0.042337810064246445 0.07509664664280376
-0.00048828125 0.050021249268837956 0.003 0.0 0.07562436549678923 0.1256456147656272
-0.000244140625 0.05979436436314692 0.003 0.0 0.097383837169949 0.15717820153309592
-0.0001220703125 0.02653707303757248 0.003 0.001399817425271739 0.10944946553364127 0.13598653857121373
-6.103515625e-05 0.013950281459198077 0.003 0.0021999087126358696 0.11575163487730913 0.1297019163365072
-3.0517578125e-05 0.009680776806569664 0.003 0.002599954356317935 0.11896576292596672 0.12864653973253637
-1.52587890625e-05 0.007961741636720435 0.003 0.0027999771781589675 0.12058799954847545 0.1285497411851959
-7.62939453125e-06 0.007192451834932552 0.003 0.0028999885890794836 0.12140283448497334 0.12859528631990588
-3.814697265625e-06 0.006828739841829362 0.003 0.002949994294539742 0.12181117136426885 0.1286399112060982
-1.9073486328125e-06 0.006651923208317267 0.003 0.002974997147269871 0.12201556842753436 0.12866749163585162
-9.5367431640625e-07 0.006564772802885525 0.003 0.0029874985736349354 0.12211782396073531 0.12868259676362082
