-0.20717621103300332 1.921172014544288e-143 0.003 0.0 8.67199037087882e-180 1.921172014544288e-143
-0.15936631617923333 1.1564619633650306e-110 0.003 0.0 2.4597999410720302e-138 1.1564619633650306e-110
-0.12258947398402563 1.923821615264717e-85 0.003 0.0 1.841692561576352e-106 1.923821615264717e-85
-0.0942995953723274 4.912382003944171e-66 0.003 0.0 5.910686104058696e-82 4.912382003944172e-66
-0.0725381502864057 4.232565327543916e-51 0.003 0.0 4.078856619036893e-63 4.2325653275479946e-51
-0.055798577143389 1.3259519051420135e-39 0.003 0.0 1.2297980892511188e-48 1.3259519063718112e-39
-0.042921982417991535 9.403767754105652e-31 0.003 0.0 1.6426234665485434e-37 9.403769396729118e-31
-0.03301690955230118 6.165535778772276e-24 0.003 0.0 5.773292086471319e-29 6.165593511693141e-24
-0.025397622732539368 1.1033119888263005e-18 0.003 0.0 2.1018494765151277e-22 1.103522173773952e-18
-0.019536632871184127 1.2391280005073757e-14 0.003 0.0 2.2736930206527577e-17 1.2414016935280288e-14
-0.015028179131680098 1.6534822751469997e-11 0.003 0.0 1.643281140363226e-13 1.6699150865506322e-11
-0.011560137793600074 4.256034214304346e-09 0.003 0.0 1.4792390916200058e-10 4.403958123466346e-09
-0.008892413687384672 3.043707811639276e-07 0.003 0.0 2.676197954777203e-08 3.311327607116995e-07
-0.006840318221065132 7.974405141160851e-06 0.003 0.0 1.4047847823917597e-06 9.379189923552613e-06
-0.005261783246973179 9.479076099692476e-05 0.003 0.0 2.833800675105101e-05 0.00012312876774797575
-0.004047525574594753 0.0006049190454269341 0.003 0.0 0.0002721993606220538 0.000877118406048988
-0.0031134812112267327 0.0023699308043829206 0.003 0.0 0.0014667812423657042 0.003836712046748625
-0.0023949855470974868 0.0063589399099735645 0.003 0.0 0.0050434084954053705 0.011402348405378935
-0.0018422965746903743 0.012809269649045938 0.003 0.0 0.01229908891014721 0.025108358559193147
-0.0014171512113002878 0.020918243537340904 0.003 0.0 0.02323388440565268 0.044152127942993585
-0.0010901163163848369 0.029444552992181024 0.003 0.0 0.036506389709653135 0.06595094270183416
-0.0008385510126037206 0.037398162975693386 0.003 0.0 0.05036413909710353 0.08776230207279692
-0.0006450392404644004 0.044270958392095626 0.003 0.0 0.0634386875058496 0.10770964589794522
-0.0004961840311264619 0.04993562000877889 0.003 0.0 0.07497594517012258 0.12491156517890148
-0.00038168002394343216 0.054473186034204736 0.003 0.0 0.08471908330619835 0.13919226934040307
-0.00029360001841802474 0.05804677029453921 0.003 0.0 0.09271219436843949 0.15075896466297867
-0.00022584616801386517 0.05955969421844155 0.003 3.945131929650635e-05 0.09914427550794475 0.15870396972638628
-0.00017372782154912705 0.041258597154612636 0.003 0.0007226548609973126 0.1042531214577685 0.14551171861238113
-0.0001336367858070208 0.029666989277383482 0.003 0.0012481960469210099 0.10827477325606824 0.13794176253345175
-0.00010279752754386215 0.022084150629034294 0.003 0.001652458497631546 0.11142086667212352 0.13350501730115782
-7.907502118758627e-05 0.017223139019868286 0.003 0.0019634296135627276 0.11387114183263825 0.13109428085250652
-6.082693937506636e-05 0.014067866460290259 0.003 0.002202638164279021 0.11577342498955184 0.12984129144984208
-4.678995336543566e-05 0.011963408365438633 0.003 0.0023866447417530932 0.11724685304161575 0.12921026140705438
-3.599227181956589e-05 0.010519911561519102 0.003 0.0025281882628869954 0.11838616395722798 0.12890607551874708
-2.7686362938127606e-05 0.009505567176552189 0.003 0.0026370678945284577 0.11926600855844356 0.12877157573499573
-2.129720226009816e-05 0.008778551037509732 0.003 0.002720821457329583 0.11994483492995833 0.12872338596746805
-1.6382463276998585e-05 0.008249213117434418 0.003 0.00278524727486891 0.12046819702510467 0.1287174101425391
-1.2601894828460448e-05 0.007858981758650851 0.003 0.0028348055960530074 0.12087148207087034 0.1287304638295212
-9.693765252661883e-06 0.007568521437893912 0.003 0.002872927381579237 0.12118211295381749 0.12875063439171142
-7.456742502047602e-06 0.007350686361456681 0.003 0.002902251831984028 0.12142130248533697 0.12877198884679364
-5.735955770805848e-06 0.007186363821035097 0.003 0.0029248091015261755 0.12160543764763448 0.1287918014686696
-4.412273669850652e-06 0.007061859726538091 0.003 0.0029421608473278273 0.12174716464315022 0.12880902436968833
-3.3940566691158856e-06 0.006967188236544076 0.003 0.0029555083440983287 0.12185623536428215 0.12882342360082621
-2.610812822396835e-06 0.0068950147784359655 0.003 0.0029657756493064067 0.12194016544104529 0.12883518021948126
-2.008317555689873e-06 0.0068398768018220835 0.003 0.0029736735763895438 0.12200474449021853 0.1288446212920406
-1.5448596582229793e-06 0.006797684509089508 0.003 0.0029797489049150335 0.12205443100053805 0.12885211550962755
-1.1883535832484456e-06 0.006765362716535456 0.003 0.002984422234550026 0.12209265749529558 0.12885802021183101
-9.141181409603427e-07 0.006740575624804873 0.003 0.00298801710350002 0.122122066100437 0.12886264172524187
-7.031678007387251e-07 0.006721555480843939 0.003 0.0029907823873077076 0.12214469023922458 0.12886624572006855
-5.408983082605578e-07 0.006706954541519377 0.003 0.0029929095286982364 0.12216209468577256 0.12886904922729195
-4.1607562173889056e-07 0.006695738495113974 0.003 0.002994545791306336 0.12217548346877624 0.12887122196389023
-3.2005817056837737e-07 0.0066871173038096435 0.003 0.0029958044548510274 0.12218578297458518 0.12887290027839482
-2.4619859274490565e-07 0.0066804950524134675 0.003 0.0029967726575777136 0.12219370593294002 0.12887420098535346
-1.8938353288069665e-07 0.006675401383369682 0.003 0.0029975174289059337 0.12219980067100933 0.128875202054379
-1.4567964067745895e-07 0.006671485137138708 0.003 0.002998090329927641 0.122204489022596 0.1288759741597347
