#872
0.0005
0.0005
0.001
0.0015
0.0035
0.003
0.0025
0.0035
0.0045
0.0045
0.0035
0.0035
0.0035
0.0025
0.004
0.0035
0.0035
0.0045
0.007
0.0045
0.0065
0.0075
0.012
0.0115
0.0145
0.0165
0.0125
0.014
0.0205
0.0185
0.016
0.016
0.0165
0.0155
0.014
0.0105
0.01
0.0075
0.009
0.0095
0.011
0.0105
0.0105
0.0115
0.012
0.0155
0.0155
0.0145
0.0155
0.0155
0.0135
0.0135
0.013
0.012
0.0115
0.0095
0.0095
0.01
0.0125
0.01
0.0105
0.011
0.0155
0.013
0.013
0.0125
0.0135
0.011
0.011
0.0125
0.0145
0.02
0.0175
0.0175
0.019
0.022
0.017
0.0175
0.0125
0.01
0.0125
0.0145
0.013
0.0155
0.0165
0.0195
0.0235
0.021
0.022
0.0235
0.025
0.026
0.0195
0.021
0.021
0.022
0.021
0.022
0.025
0.0295
0.028
0.0235
0.0195
0.0175
0.0225
0.0235
0.0265
0.0255
0.025
0.03
0.029
0.028
0.026
0.0235
0.0245
0.0275
0.0295
0.0295
0.0295
0.0315
0.034
0.0405
0.0395
0.037
0.0425
0.0415
0.0515
0.055
0.053
0.0595
0.06
0.049
0.0525
0.054
0.051
0.0525
0.0455
0.05
0.0495
0.052
0.055
0.0565
0.0525
0.0545
0.0505
0.0505
0.0515
0.061
0.0625
0.0685
0.068
0.0725
0.0785
0.0715
0.074
0.0655
0.066
0.075
0.073
0.0815
0.079
0.091
0.098
0.106
0.1095
0.098
0.0915
0.09
0.093
0.0875
0.0855
0.0845
0.0845
0.093
0.091
0.0845
0.081
0.0765
0.092
0.085
0.084
0.086
0.0925
0.0945
0.09
0.089
0.0865
0.089
0.077
0.0715
0.07
0.073
0.0785
0.079
0.0755
0.0725
0.0715
0.063
0.0665
0.067
0.075
0.0665
0.0665
0.0725
0.0725
0.0825
0.0805
0.088
0.094
0.091
0.0865
0.092
0.1005
0.1015
0.0985
0.107
0.0895
0.0765
0.0735
0.076
0.0855
0.092
0.074
0.067
0.0755
0.073
0.07
0.075
0.072
0.0655
0.0675
0.0625
0.0615
0.063
0.0695
0.0725
0.0765
0.072
0.077
0.073
0.076
0.072
0.074
0.0765
0.0875
0.086
0.093
0.0995
0.099
0.1075
0.11
0.1085
0.1005
0.0925
0.0845
0.0805
0.078
0.064
0.068
0.07
0.078
0.0775
0.088
0.0895
0.097
0.0945
0.0965
0.1035
0.102
0.1005
0.0885
0.093
0.083
0.081
0.087
0.087
0.097
0.0905
0.087
0.0855
0.0905
0.0875
0.098
0.0955
0.0955
0.098
0.0945
0.106
0.107
0.118
0.115
0.105
0.1125
0.103
0.102
0.102
0.1125
0.0985
0.0885
0.0915
0.086
0.086
0.081
0.087
0.09
0.096
0.107
0.1005
0.1045
0.104
0.1005
0.105
0.1025
0.104
0.097
0.1105
0.1095
0.1015
0.098
0.094
0.099
0.093
0.0955
0.0945
0.0955
0.0905
0.0895
0.0805
0.0865
0.092
0.081
0.0765
0.072
0.0755
0.074
0.0735
0.078
0.087
0.085
0.0745
0.0805
0.078
0.082
0.091
0.092
0.0945
0.106
0.1045
0.1015
0.097
0.0905
0.106
0.0985
0.106
0.107
0.108
0.1045
0.11
0.1195
0.136
0.13
0.13
0.126
0.1205
0.1175
0.118
0.1205
0.1115
0.12
0.1335
0.1235
0.131
0.131
0.1195
0.1255
0.128
0.125
0.12
0.107
0.11
0.105
0.1015
0.1085
0.1135
0.117
0.1095
0.1235
0.1175
0.1105
0.1055
0.1035
0.111
0.1115
0.1215
0.118
0.1225
0.122
0.1245
0.135
0.1275
0.125
0.117
0.114
0.1115
0.108
0.099
0.104
0.1045
0.095
0.097
0.095
0.1005
0.0905
0.095
0.0925
0.105
0.1035
0.0905
0.0935
0.084
0.074
0.0675
0.0595
0.065
0.0725
0.0775
0.0825
0.075
0.0735
0.0695
0.068
0.068
0.0655
0.0645
0.061
0.0575
0.0565
0.055
0.054
0.0625
0.062
0.0585
0.053
0.061
0.066
0.067
0.0725
0.07
0.0685
0.07
0.076
0.088
0.085
0.0815
0.08
0.0775
0.079
0.076
0.077
0.08
0.083
0.0915
0.087
0.089
0.091
0.0935
0.1045
0.113
0.121
0.128
0.134
0.161
0.1535
0.1625
0.1475
0.1535
0.1415
0.14
0.1425
0.143
0.14
0.137
0.152
0.1505
0.157
0.161
0.1575
0.157
0.1685
0.1685
0.17
0.1845
0.1745
0.171
0.1695
0.169
0.187
0.1795
0.1785
0.1895
0.193
0.1915
0.21
0.1985
0.1875
0.192
0.186
0.182
0.1815
0.1745
0.1625
0.1645
0.1645
0.163
0.165
0.154
0.1495
0.154
0.174
0.173
0.1715
0.185
0.1945
0.2055
0.22
0.2015
0.1965
0.1945
0.2005
0.202
0.1995
0.194
0.194
0.1715
0.1805
0.179
0.183
0.1835
0.184
0.189
0.1895
0.186
0.183
0.191
0.2085
0.2035
0.212
0.201
0.2075
0.215
0.211
0.198
0.1895
0.183
0.1845
0.186
0.1975
0.1845
0.1795
0.181
0.166
0.155
0.1555
0.175
0.173
0.1695
0.178
0.17
0.169
0.174
0.174
0.1755
0.169
0.1625
0.1615
0.147
0.148
0.1325
0.138
0.1385
0.1485
0.1555
0.1425
0.153
0.1495
0.143
0.1465
0.1395
0.1375
0.13
0.1315
0.1285
0.125
0.1135
0.111
0.102
0.1085
0.108
0.112
0.125
0.1315
0.1295
0.1355
0.128
0.125
0.1405
0.1495
0.152
0.157
0.1505
0.1365
0.133
0.1285
0.1345
0.1225
0.12
0.132
0.1145
0.1135
0.1035
0.099
0.11
0.101
0.1135
0.109
0.1165
0.118
0.111
0.1195
0.1195
0.125
0.1185
0.1285
0.128
0.117
0.117
0.115
0.118
0.126
0.125
0.13
0.121
0.1195
0.1235
0.127
0.1285
0.1335
0.124
0.117
0.135
0.1375
0.1555
0.1545
0.147
0.145
0.142
0.155
0.1505
0.1465
0.145
0.147
0.152
0.1485
0.1585
0.161
0.1615
0.166
0.175
0.1525
0.165
0.1605
0.168
0.1875
0.2015
0.192
0.192
0.2085
0.1995
0.194
0.2
0.2035
0.198
0.1905
0.192
0.1915
0.194
0.2125
0.209
0.222
0.2345
0.231
0.2375
0.2325
0.2285
0.229
0.2255
0.2355
0.235
0.233
0.2265
0.242
0.2535
0.265
0.2545
0.263
0.2545
0.262
0.2525
0.2465
0.2535
0.2445
0.2525
0.2565
0.25
0.2565
0.2645
0.265
0.283
0.273
0.2725
0.2585
0.24
0.229
0.2325
0.2445
0.257
0.2475
0.247
0.226
0.2345
0.2315
0.2395
0.253
0.242
0.2375
0.2405
0.2565
0.26
0.265
0.2675
0.269
0.2685
0.264
0.262
0.2535
0.241
0.239
0.235
0.236
0.245
0.25
0.244
0.249
0.267
0.2775
0.2695
0.2735
0.277
0.274
0.2625
0.267
0.268
0.259
0.2605
0.249
0.24
0.2415
0.2545
0.257
0.269
0.281
0.2885
0.288
0.29
0.3115
0.301
0.313
0.303
0.3055
0.3045
0.3025
0.275
0.283
0.294
0.304
0.2975
0.283
0.2725
0.2615
0.2615
0.2435
0.245
0.239
0.2285
0.238
0.261
0.2705
0.282
0.286
0.3015
0.294
0.294
0.2995
0.3135
0.305
0.2875
0.275
0.287
0.2965
0.3115
0.321
0.3315
0.3195
0.3235
0.3175
0.3235
0.3205
0.3185
0.3305
0.33
0.3245
0.3265
0.3315
0.333
0.34
0.36
0.3655
0.3655
0.3475
0.34
0.3375
0.3355
0.353
0.347
0.3525
0.359
0.349
0.3585
0.366
0.361
0.36
0.3675
0.384
0.4025
0.4155
0.412
0.4265
0.4315
0.4535
0.442
0.449
0.4625
0.4845
0.493
0.499
0.496
0.4755
0.4655
0.4625
0.4625
0.471
0.4645
0.452
0.459
0.4585
0.4555
0.4785
0.4815
0.494
0.487
0.487
0.5
0.9296365622817524
0.9325
0.9245
0.921
0.9115
0.902
0.902
0.8955
0.8955
0.8995
0.899
0.9085
0.9095
0.899
0.8995
0.892
0.89
0.899
0.9015
0.908
0.8965
0.895
0.894
0.893
0.89
0.9005
0.9075
0.914
0.9075
0.901
0.899
0.898
0.903
0.8915
0.8925
0.877
0.8815
0.8755
0.8665
0.8655
0.863
0.869
0.874
0.8685
0.856
0.859
0.852
0.85
0.8575
0.8505
0.851
0.8565
0.8485
0.8285
0.828
0.8205
0.8245
0.816
0.8025
0.7955
0.8005
0.798
0.8135
0.8225
0.826
0.822
0.8235
0.8245
0.824
0.823
0.8235
0.8215
0.8255
0.815
0.8125
0.815
0.809
0.8005
0.788
0.794
0.7985
0.788
0.791
0.7865
0.79
0.791
0.808
0.811
0.8135
0.799
0.793
0.797
0.8065
0.81
0.797
0.806
0.811
0.7975
0.792
0.802
0.8135
0.8095
0.7865
0.7755
0.7795
0.779
0.7505
0.756
0.7755
0.7675
0.7765
0.77
0.7765
0.783
0.7775
0.784
0.7745
0.7775
0.778
0.769
0.765
0.7575
0.7635
0.78
0.782
0.7885
0.801
0.7765
0.777
0.752
0.7435
0.737
0.73
0.7335
0.75
0.761
0.764
0.756
0.765
0.7595
0.761
0.7555
0.7635
0.7645
0.761
0.7485
0.7425
0.744
0.744
0.748
0.7495
0.7705
0.7595
0.75
0.759
0.757
0.7595
0.7545
0.749
0.7505
0.752
0.755
0.75
0.7355
0.74
0.7185
0.709
0.7005
0.7015
0.7095
0.7005
0.702
0.7035
0.6895
0.6705
0.667
0.676
0.681
0.6825
0.658
0.6455
0.655
0.654
0.6755
0.669
0.6755
0.6905
0.699
0.7125
0.7285
0.736
0.7525
0.7695
0.783
0.776
0.7705
0.76
0.7705
0.764
0.7695
0.764
0.7585
0.749
0.754
0.7445
0.75
0.7545
0.7465
0.7515
0.7535
0.752
0.755
0.7545
0.7575
0.751
0.7515
0.757
0.7435
0.7395
0.7505
0.76
0.7535
0.749
0.756
0.7515
0.7565
0.749
0.743
0.7525
0.7605
0.7615
0.764
0.768
0.753
0.752
0.753
0.7295
0.7155
0.7205
0.725
0.732
0.7325
0.743
0.7425
0.7405
0.738
0.737
0.746
0.745
0.7505
0.736
0.7215
0.7075
0.6965
0.712
0.7005
0.693
0.687
0.689
0.686
0.687
0.7035
0.692
0.6775
0.681
0.6715
0.67
0.663
0.6795
0.696
0.6945
0.6865
0.6845
0.6645
0.674
0.666
0.6865
0.6815
0.676
0.6945
0.69
0.6775
0.6765
0.662
0.6735
0.668
0.667
0.671
0.671
0.6635
0.6405
0.6255
0.623
0.6155
0.625
0.624
0.6255
0.6385
0.658
0.65
0.6575
0.647
0.636
0.634
0.634
0.6395
0.635
0.6415
0.624
0.617
0.617
0.6125
0.6225
0.6165
0.6075
0.605
0.632
0.625
0.6265
0.6135
0.6115
0.6065
0.5955
0.5815
0.572
0.5605
0.565
0.5885
0.6075
0.6105
0.5925
0.59
0.597
0.5825
0.5735
0.5755
0.583
0.6105
0.6105
0.6135
0.624
0.6235
0.6245
0.645
0.651
0.644
0.642
0.64
0.6315
0.6435
0.642
0.636
0.618
0.623
0.625
0.6285
0.622
0.6255
0.639
0.6465
0.651
0.6475
0.6325
0.6525
0.6485
0.632
0.6055
0.605
0.6135
0.607
0.619
0.622
0.61
0.6175
0.611
0.608
0.6165
0.6065
0.6165
0.6335
0.634
0.6435
0.649
0.6415
0.6455
0.6365
0.634
0.6445
0.6515
0.6475
0.652
0.637
0.6255
0.6315
0.629
0.622
0.626
0.62
0.625
0.642
0.6295
0.622
0.6255
0.637
0.6515
0.634
0.6245
0.6185
0.632
0.6265
0.6175
0.6355
0.6485
0.6465
0.651
0.643
0.649
0.6705
0.6745
0.6675
0.6745
0.681
0.6925
0.694
0.6895
0.6755
0.6775
0.701
0.6805
0.6725
0.6605
0.6585
0.6595
0.642
0.6265
0.6445
0.6345
0.638
0.652
0.6475
0.638
0.635
0.6225
0.622
0.6035
0.6165
0.6005
0.6045
0.61
0.617
0.6115
0.6045
0.61
0.604
0.594
0.584
0.5835
0.5865
0.586
0.602
0.6
0.5875
0.567
0.5735
0.589
0.5925
0.5875
0.582
0.579
0.588
0.6025
0.6135
0.6085
0.6265
0.629
0.642
0.6475
0.671
0.683
0.686
0.677
0.6825
0.699
0.707
0.7175
0.697
0.703
0.705
0.7145
0.7115
0.697
0.7005
0.6875
0.693
0.6815
0.687
0.6945
0.685
0.687
0.672
0.6695
0.658
0.657
0.6525
0.649
0.666
0.684
0.683
0.6775
0.6805
0.6925
0.6795
0.697
0.69
0.6885
0.6765
0.666
0.679
0.6805
0.693
0.7015
0.6985
0.6985
0.6955
0.701
0.707
0.707
0.7115
0.712
0.7205
0.7275
0.719
0.7115
0.719
0.719
0.7275
0.7195
0.709
0.7145
0.7155
0.72
0.705
0.696
0.7065
0.692
0.6885
0.69
0.6755
0.6795
0.694
0.703
0.6935
0.71
0.7095
0.7115
0.7145
0.712
0.7155
0.705
0.7075
0.706
0.7015
0.6955
0.688
0.679
0.6705
0.6505
0.648
0.64
0.6425
0.649
0.6325
0.625
0.6315
0.641
0.652
0.6625
0.684
0.674
0.682
0.667
0.671
0.673
0.6725
0.675
0.6775
0.6975
0.6995
0.704
0.699
0.698
0.68
0.6755
0.679
0.67
0.6675
0.652
0.6655
0.6685
0.6735
0.668
0.657
0.664
0.658
0.6345
0.6295
0.6375
0.646
0.644
0.649
0.66
0.6535
0.6555
0.671
0.665
0.6555
0.6625
0.653
0.6615
0.6785
0.677
0.661
0.665
0.671
0.6765
0.67
0.649
0.6345
0.6275
0.6235
0.6375
0.6455
0.6345
0.6335
0.6315
0.644
0.6525
0.63
0.6255
0.6225
0.6175
0.6125
0.6225
0.6325
0.6235
0.6075
0.6065
0.605
0.601
0.5895
0.5825
0.5635
0.595
0.597
0.623
0.6075
0.617
0.605
0.6225
0.6185
0.627
0.6105
0.591
0.5755
0.58
0.561
0.582
0.5815
0.581
0.5875
0.579
0.5905
0.587
0.571
0.563
0.5815
0.5745
0.5715
0.586
0.59
0.5945
0.608
0.6145
0.6245
0.6195
0.5955
0.5825
0.5465
0.538
0.518
0.5175
0.51
0.5185
0.523
0.5185
0.519
0.527
0.5305
0.501
0.499
0.5065
0.4885
0.4875
0.48
0.488
0.506
0.499
0.4925
0.5065
0.502
0.5045
0.5025
0.496
0.4765
0.475
0.466
0.4525
0.4385
0.434
0.434
0.425
0.4245
0.425
0.407
0.4115
0.3985
0.399
0.403
0.4185
0.4205
0.4195
0.429
0.4185
0.4375
0.4405
0.4495
0.452
0.452
0.4765
0.4825
0.475
0.474
0.4945
0.4945
0.506
0.497
0.4875
0.487
0.494
0.5065
0.4945
0.4945
0.5175
0.5285
0.5445
0.553
0.553
0.56
0.544
0.5355
0.554
0.5455
0.545
0.5585
0.5435
0.5565
0.5565
0.5435
0.539
0.5595
0.5475
0.531
0.5305
0.539
0.548
0.553
0.548
0.55
0.56
0.565
0.558
0.551
0.559
0.557
0.568
0.579
0.57
0.5585
0.569
0.5615
0.556
0.552
0.552
0.5525
0.55
0.543
0.5335
0.536
0.5325
0.5125
0.523
0.526
0.5285
0.513
0.514
0.5345
0.545
0.533
0.535
0.5355
0.5145
0.507
0.4995
0.479
0.4975
0.5135
0.5105
0.5145
0.516
0.5085
0.5325
0.568
0.547
0.554
0.561
0.5535
0.556
0.5525
0.554
0.572
0.5805
0.5935
0.5925
0.5885
0.581
0.5825
0.5825
0.557
0.5505
0.55
0.548
0.5495
0.556
0.5705
0.5735
0.5775
0.591
0.5935
0.6015
0.6055
0.6065
0.6095
0.6135
0.6155
0.6135
0.605
0.6025
0.5895
0.5805
0.5845
0.5805
0.5795
0.5755
0.576
0.5815
0.5905
0.595
0.596
0.578
0.589
0.583
0.578
0.5905
0.6055
0.6025
0.617
0.6215
0.611
0.629
0.648
0.641
0.6495
0.6415
0.6425
0.668
0.679
0.6945
0.7115
0.715
0.717
0.69
0.697
0.7105
0.71
0.704
0.7035
0.705
0.722
0.7165
0.72
0.735
0.735
0.7225
0.7045
0.7035
0.7035
0.6805
0.675
0.6525
0.633
0.627
0.642
0.642
0.648
0.642
0.6415
0.642
0.6385
0.6345
0.634
0.637
0.637
0.6475
0.6605
0.659
0.6465
0.639
0.6365
0.636
0.6465
0.632
0.615
0.6235
0.6255
0.6405
0.6455
0.628
0.646
0.635
0.6325
0.6345
0.62
0.597
0.593
0.585
0.5985
0.5995
0.584
0.571
0.5675
0.5595
0.5575
0.551
0.5535
0.55
0.5515
0.5505
0.54
0.535
0.5395
0.5335
0.508
0.5165
0.518
0.5235
0.5375
0.533
0.532
0.5325
0.526
0.524
0.5135
0.498
0.492
0.493
0.4835
0.4725
0.4535
0.437
0.44
0.4355
0.4225
0.438
0.438
0.4255
0.432
0.435
0.422
0.42
0.4135
0.424
0.4245
0.436
0.429
0.4425
0.434
0.446
0.4405
0.441
0.4235
0.431
0.4385
0.4245
0.4115
0.401
0.391
0.385
0.372
0.361
0.371
0.3695
0.369
0.361
0.355
0.3385
0.339
0.3495
0.3685
0.3765
0.3755
0.367
0.378
0.3735
0.3745
0.3785
0.3655
0.377
0.3725
0.385
0.3755
0.3725
0.3815
0.3785
0.362
0.3585
0.3555
0.352
0.362
0.378
0.388
0.3865
0.388
0.3795
0.3665
0.368
0.376
0.3805
0.384
0.362
0.36
0.364
0.347
0.3535
0.35
0.354
0.3515
0.35
0.364
0.3735
0.3895
0.4085
0.4045
0.3905
0.393
0.405
0.392
0.408
0.386
0.3645
0.3695
0.3635
0.3635
0.377
0.374
0.363
0.3775
0.377
0.3775
0.371
0.389
0.3835
0.376
0.3875
0.384
0.391
0.381
0.381
0.3785
0.38
0.394
0.3965
0.4025
0.4205
0.423
0.397
0.411
0.3975
0.401
0.4075
0.4255
0.423
0.4305
0.425
0.412
0.4225
0.411
0.422
0.3905
0.4155
0.414
0.44
0.428
0.4225
0.4265
0.4405
0.442
0.4365
0.432
0.4405
0.442
0.4425
0.442
0.4485
0.4315
0.443
0.443
0.4335
0.4275
0.4225
0.4205
0.404
0.4195
0.398
0.4015
0.392
0.4
0.4065
0.4185
0.413
0.4175
0.4295
0.416
0.4085
0.4085
0.401
0.3855
0.3725
0.3805
0.388
0.3865
0.3805
0.398
0.3945
0.3785
0.3895
0.41
0.402
0.4115
0.4
0.396
0.3845
0.4045
0.4205
0.4385
0.443
0.444
0.4385
0.42
0.412
0.3945
0.393
0.4005
0.4065
0.3935
0.4035
0.389
0.396
0.392
0.398
0.3975
0.4115
0.394
0.4025
0.4025
0.412
0.43
0.434
0.4275
0.4325
0.4385
0.4375
0.426
0.427
0.431
0.42
0.431
0.4285
0.4105
0.405
0.4045
0.408
0.425
0.4425
0.4545
0.4425
0.4315
0.4355
0.4325
0.4135
0.412
0.4055
0.396
0.396
0.397
0.381
0.36
0.353
0.352
0.3455
0.3595
0.352
0.363
0.371
0.3615
0.3665
0.3835
0.375
0.38
0.378
0.404
0.4075
0.424
0.413
0.422
0.433
0.438
0.4475
0.4275
0.431
0.433
0.4635
0.483
0.48
0.4805
0.495
0.498
0.497
0.499
0.488
0.49
0.472
0.4625
0.458
0.4615
0.4495
0.441
0.4505
0.4525
0.475
0.495
0.491
0.4865
0.4785
0.4685
0.4475
0.4525
0.4635
0.4805
0.473
0.4725
0.479
0.469
0.477
0.479
0.4655
0.4795
0.474
0.471
0.481
0.471
0.4775
0.475
0.478
0.455
0.4555
0.4575
0.4425
0.453
0.4445
0.4355
0.4405
0.4405
0.4435
0.4305
0.4275
0.4345
0.4435
0.448
0.4545
0.4685
0.481
0.4915
0.474
0.476
0.4765
0.473
0.4795
0.4635
0.4525
0.4535
0.4555
0.451
0.4385
0.4285
0.4415
0.425
0.407
0.4195
0.423
0.4125
0.3935
0.384
0.387
0.371
0.377
0.3765
0.3955
0.3925
0.389
0.3955
0.4005
0.391
0.393
0.4045
0.393
0.3845
0.3705
0.3545
0.355
0.3785
0.383
0.3825
0.385
0.393
0.3695
0.3575
0.364
0.338
0.3265
0.329
0.331
0.337
0.3415
0.331
0.3295
0.3335
0.331
0.3335
0.327
0.3355
0.3365
0.3375
0.3445
0.343
0.3315
0.335
0.318
0.301
0.2915
0.2935
0.2845
0.279
0.2685
0.2715
0.2775
0.283
0.2715
0.2535
0.2575
0.258
0.2485
0.235
0.2245
0.217
0.22
0.2315
0.2345
0.2455
0.2315
0.2435
0.256
0.2675
0.2625
0.262
0.264
0.271
0.265
0.273
0.2615
0.251
0.2455
0.238
0.2475
0.2425
0.24
0.2315
0.2345
0.213
0.205
0.213
0.219
0.2195
0.227
0.203
0.2005
0.2015
0.2165
0.2235
0.224
0.2165
0.2105
0.224
0.2275
0.241
0.2445
0.2615
0.242
0.266
0.2655
0.259
0.259
0.2565
0.2545
0.2445
0.254
0.27
0.2785
0.288
0.282
0.278
0.273
0.2755
0.2775
0.255
0.2345
0.225
0.2285
0.223
0.2295
0.2325
0.2365
0.232
0.2215
0.223
0.211
0.217
0.239
0.254
0.248
0.2535
0.254
0.263
0.2525
0.259
0.2525
0.2475
0.2535
0.2595
0.265
0.256
0.2535
0.249
0.242
0.244
0.2375
0.2365
0.2415
0.248
0.261
0.261
0.272
0.259
0.2675
0.2635
0.2655
0.27
0.28
0.2725
0.287
0.2885
0.2775
0.28
0.2695
0.2655
0.2725
0.274
0.278
0.2555
0.2535
0.263
0.251
0.245
0.262
0.274
0.291
0.2945
0.2975
0.307
0.333
0.346
0.3475
0.338
0.3405
0.328
0.3325
0.3205
0.315
0.335
0.3465
0.336
0.341
0.3205
0.327
0.3285
0.3365
0.333
0.3265
0.334
0.3315
0.3135
0.326
0.333
0.3295
0.333
0.3355
0.3495
0.34
0.343
0.351
0.367
0.3905
0.38
0.377
0.3845
0.378
0.379
0.39
0.38
0.3815
0.404
0.39
0.3695
0.3465
0.358
0.3395
0.3515
0.3545
0.356
0.3515
0.3785
0.3775
0.3795
0.3725
0.3795
0.382
0.39
0.381
0.3725
0.3695
0.3785
0.362
0.353
0.331
0.3225
0.3075
0.3105
0.3055
0.293
0.319
0.2925
0.2805
0.265
0.284
0.2815
0.281
0.298
0.3075
0.3165
0.324
0.3115
0.3125
0.298
0.308
0.2965
0.29
0.288
0.2725
0.271
0.2855
0.2935
0.2995
0.297
0.2955
0.303
0.3125
0.3215
0.3335
0.337
0.337
0.348
0.3515
0.356
0.354
0.3445
0.348
0.354
0.3755
0.382
0.3685
0.3745
0.372
0.3645
0.361
0.37
0.3645
0.3715
0.3675
0.3585
0.3565
0.3505
0.3515
0.348
0.352
0.34
0.339
0.3465
0.347
0.3405
0.345
0.337
0.3285
0.3335
0.323
0.293
0.297
0.285
0.277
0.286
0.284
0.2775
0.2775
0.281
0.2755
0.285
0.2745
0.297
0.2875
0.2995
0.299
0.2815
0.2725
0.27
0.269
0.2975
0.3065
0.307
0.303
0.3035
0.2895
0.3025
0.294
0.302
0.3005
0.311
0.3125
0.3165
0.3115
0.311
0.295
0.2935
0.285
0.2915
0.2925
0.292
0.311
0.3185
0.2845
0.2885
0.2965
0.295
0.2915
0.284
0.2945
0.282
0.2935
0.3095
0.3175
0.325
0.3235
0.342
0.3485
0.3485
0.3455
0.351
0.3635
0.3655
0.3705
0.3595
0.365
0.376
0.377
0.383
0.36
0.3655
0.3645
0.368
0.389
0.384
0.402
0.408
0.408
0.4005
0.397
0.4055
0.4075
0.4135
0.425
0.404
0.411
0.4275
0.396
0.393
0.3925
0.4125
0.404
0.4175
0.427
0.4205
0.424
0.42
0.4275
0.4245
0.4135
0.397
0.388
0.3865
0.388
0.38
0.3685
0.3715
0.378
0.384
0.3955
0.3925
0.397
0.401
0.403
0.399
0.4115
0.4035
0.401
0.387
0.371
0.3725
0.375
0.38
0.3635
0.368
0.3755
0.366
0.381
0.3905
0.391
0.3905
0.384
0.4015
0.3995
0.41
0.421
0.405
0.406
0.4055
0.4015
0.4105
0.4105
0.4095
0.4115
0.4085
0.3825
0.4115
0.4205
0.4095
0.412
0.414
0.4325
0.4465
0.4325
0.4325
0.432
0.4395
0.435
0.429
0.435
0.422
0.428
0.418
0.4095
0.415
0.4065
0.4325
0.433
0.425
0.442
0.4325
0.4065
0.3985
0.3995
0.3925
0.3955
0.3835
0.373
0.3845
0.3915
0.392
0.3965
0.406
0.3885
0.392
0.413
0.427
0.425
0.434
0.4605
0.454
0.449
0.4395
0.439
0.448
0.4555
0.4565
0.461
0.478
0.4795
0.4785
0.4655
0.4635
0.4755
0.48
0.489
0.5015
0.4985
0.5035
0.524
0.517
0.5125
0.5285
0.5275
0.5045
0.507
0.5295
0.537
0.524
0.5325
0.5305
0.5315
0.53
0.535
0.53
0.5095
0.479
0.4825
0.462
0.4475
0.441
0.451
0.4475
0.4505
0.4535
0.446
0.456
0.4355
0.426
0.4315
0.425
0.4185
0.425
0.4365
0.418
0.419
0.433
0.433
0.444
0.443
0.431
0.4325
0.419
0.426
0.4335
0.432
0.438
0.4425
0.4465
0.4495
0.4385
0.439
0.435
0.439
0.4505
0.4635
0.477
0.4905
0.468
0.4565
0.465
0.461
0.465
0.47
0.466
0.4755
0.4855
0.4985
0.507
0.518
0.5245
0.5565
0.566
0.578
0.5595
0.5545
0.5585
0.5565
0.571
0.5655
0.553
0.5555
0.5585
0.566
0.5805
0.5685
0.5755
0.5875
0.589
0.5975
0.585
0.566
0.564
0.5705
0.5625
0.5625
0.564
0.577
0.558
0.542
0.54
0.5185
0.5185
0.5035
0.511
0.5045
0.5165
0.5035
0.495
0.4955
0.48
0.481
0.4845
0.4835
0.4805
0.474
0.462
0.4715
0.4605
0.447
0.4405
0.4155
0.4015
0.4145
0.412
0.4325
0.435
0.429
0.42
0.417
0.428
0.447
0.4375
0.421
0.43
0.429
0.424
0.429
0.419
0.408
0.4165
0.4175
0.429
0.4095
0.41
0.402
0.3765
0.384
0.385
0.3825
0.3665
0.3475
0.3485
0.3355
0.3375
0.3225
0.339
0.334
0.317
0.316
0.303
0.307
0.3005
0.2995
0.3085
0.3075
0.2865
0.281
0.2855
0.282
0.298
0.3045
0.3055
0.2975
0.2865
0.292
0.295
0.289
0.3065
0.3015
0.3115
0.294
0.2865
0.2935
0.2855
0.2875
0.291
0.2715
0.273
0.2685
0.2595
0.2435
0.2445
0.242
0.232
0.246
0.249
0.25
0.253
0.2555
0.256
0.259
0.269
0.2725
0.251
0.246
0.234
0.255
0.2515
0.244
0.245
0.2455
0.253
0.251
0.251
0.2435
0.2345
0.2255
0.238
0.238
0.235
0.2395
0.2575
0.2425
0.244
0.246
0.2365
0.23
0.2305
0.2225
0.2205
0.2325
0.241
0.217
0.216
0.228
0.225
0.2165
0.2115
0.2235
0.2445
0.2465
0.252
0.2565
0.24
0.2255
0.2225
0.2095
0.215
0.217
0.2105
0.2125
0.228
0.2235
0.212
0.2055
0.1975
0.187
0.192
0.185
0.198
0.1735
0.16
0.1655
0.1815
0.1815
0.179
0.182
0.1915
0.197
0.1895
0.1755
0.1775
0.179
0.174
0.1855
0.1745
0.172
0.165
0.1745
0.1665
0.1675
0.1735
0.1715
0.1715
0.1745
0.171
0.1645
0.173
0.1605
0.159
0.159
0.16
0.162
0.1735
0.1735
0.175
0.1865
0.18
0.171
0.1635
0.1505
0.159
0.1455
0.133
0.1335
0.125
0.123
0.125
0.125
0.142
0.1535
0.1615
0.1805
0.188
0.1785
0.198
0.207
0.1905
0.188
0.1815
0.193
0.1825
0.186
0.1825
0.1865
0.182
0.179
0.1735
0.169
0.161
0.15
0.1415
0.146
0.152
0.1675
0.1755
0.168
0.174
0.1725
0.1755
0.1755
0.164
0.1525
0.1525
0.159
0.164
0.167
0.1505
0.1335
0.1235
0.126
0.1425
0.16
0.1655
0.1745
0.1585
0.1475
0.145
0.137
0.138
0.143
0.1545
0.155
0.1505
0.156
0.1585
0.164
0.1545
0.149
0.157
0.16
0.168
0.1625
0.157
0.154
0.14
0.1495
0.147
0.1505
0.155
0.1525
0.1515
0.1495
0.1655
0.165
0.1855
0.194
0.1915
0.194
0.2045
0.216
0.218
0.217
0.2095
0.2165
0.2165
0.2165
0.2295
0.2175
0.198
0.2135
0.218
0.2085
0.22
0.2085
0.193
0.204
0.2105
0.215
0.2065
0.2145
0.226
0.221
0.206
0.2
0.204
0.2015
0.2145
0.2215
0.2195
0.209
0.208
0.194
0.1815
0.1865
0.182
0.174
0.169
0.178
0.176
0.1625
0.156
0.149
0.151
0.165
0.1645
0.1745
0.1665
0.154
0.16
0.161
0.157
0.157
0.1675
0.1565
0.1575
0.163
0.18
0.174
0.1965
0.1895
0.1885
0.182
0.1785
0.168
0.183
0.1795
0.177
0.174
0.1735
0.166
0.164
0.1765
0.157
0.1635
0.1605
0.1685
0.1485
0.141
0.132
0.1365
0.135
0.1395
0.131
0.1405
0.1365
0.1465
0.15
0.1465
0.1495
0.149
0.1475
0.1515
0.1535
0.169
0.1695
0.161
0.159
0.145
0.1515
0.143
0.1465
0.144
0.147
0.1625
0.1585
0.1675
0.17
0.1765
0.17
0.167
0.175
0.1875
0.196
0.1965
0.1925
0.185
0.178
0.1735
0.1715
0.1805
0.171
0.168
0.1805
0.174
0.1785
0.1895
0.195
0.202
0.1925
0.1835
0.199
0.1945
0.173
0.1745
0.1645
0.1605
0.143
0.159
0.143
0.141
0.14
0.142
0.15
0.13
0.1335
0.135
0.1355
0.1345
0.1225
0.1125
0.1055
0.0955
0.09
0.086
0.088
0.09
0.0855
0.085
0.0875
0.09
0.099
0.1105
0.113
0.11
0.118
0.111
0.107
0.098
0.102
0.092
0.0885
0.0845
0.0925
0.109
0.111
0.097
0.103
0.1015
0.1005
0.099
0.094
0.096
0.093
0.0845
0.076
0.0785
0.0715
0.066
0.0655
0.067
0.072
0.0715
0.087
0.0915
0.0995
0.1
0.11
0.1035
0.1105
0.1125
0.111
0.121
0.1305
0.128
0.1345
0.1295
0.119
0.1125
0.117
0.1195
0.119
0.1075
0.1175
0.107
0.101
0.1065
0.1015
0.1065
0.108
0.108
0.1175
0.123
0.1135
0.1105
0.1055
0.104
0.1055
0.0995
0.088
0.102
0.1015
0.103
0.0985
0.091
0.0885
0.092
0.0865
0.074
0.0775
0.0775
0.0745
0.0825
0.077
0.081
0.0765
0.0895
0.086
0.0885
0.0795
0.084
0.082
0.08
0.07
0.0625
0.069
0.0745
0.081
0.0815
0.076
0.0675
0.071
0.0745
0.089
0.0875
0.097
0.1
0.1095
0.1015
0.0955
0.1105
0.109
0.1205
0.1215
0.1275
0.134
0.128
0.1165
0.118
0.128
0.1265
0.1255
0.1225
0.12
0.1305
0.134
0.1405
0.1405
0.1465
0.148
0.1485
0.136
0.138
0.142
0.139
0.1405
0.153
0.154
0.155
0.161
0.153
0.1625
0.165
0.159
0.1705
0.181
0.171
0.1765
0.1785
0.184
0.1815
0.1795
0.188
0.183
0.1885
0.1925
0.1905
0.1895
0.1735
0.1745
0.1835
0.191
0.19
0.1985
0.1995
0.198
0.204
0.186
0.191
0.197
0.1965
0.182
0.1975
0.201
0.2075
0.208
0.203
0.2165
0.2195
0.2175
0.2255
0.2285
0.2325
0.244
0.245
0.254
0.234
0.225
0.2185
0.219
0.2165
0.216
0.2355
0.2405
0.225
0.227
0.2145
0.2205
0.224
0.2195
0.213
0.2225
0.2275
0.239
0.249
0.255
0.2445
0.236
0.238
0.2365
0.246
0.2335
0.225
0.231
0.249
0.239
0.224
0.2335
0.216
0.2215
0.2335
0.2325
0.208
0.2105
0.2115
0.2245
0.2275
0.2115
0.196
0.189
0.1985
0.2145
0.205
0.2045
0.1935
0.193
0.202
0.212
0.215
0.206
0.2045
0.2095
0.214
0.198
0.1945
0.2
0.1985
0.184
0.1825
0.1845
0.178
0.16
0.1515
0.149
0.1415
0.156
0.155
0.145
0.1475
0.148
0.131
0.1305
0.132
0.133
0.1525
0.151
0.1485
0.1375
0.1445
0.135
0.1285
0.1125
0.1025
0.1135
0.117
0.1155
0.112
0.1095
0.115
0.1035
0.097
0.0995
0.0965
0.094
0.0905
0.091
0.0925
0.094
0.088
0.089
0.0885
0.0945
0.096
0.0905
0.0855
0.077
0.076
0.078
0.082
0.0945
0.0955
0.1025
0.098
0.102
0.108
0.108
0.1085
0.1125
0.1225
0.1365
0.128
0.123
0.1205
0.1105
0.101
0.1
0.0955
0.09
0.088
0.092
0.0925
0.0875
0.089
0.083
0.0865
0.0805
0.086
0.078
0.074
0.0725
0.064
0.0615
0.0645
0.0715
0.072
0.0665
0.0635
0.061
0.054
0.0575
0.063
0.0645
0.068
0.0695
0.0635
0.06
0.0575
0.0605
0.063
0.0655
0.066
0.067
0.0695
0.0905
0.086
0.081
0.0835
0.0875
0.091
0.094
0.0885
0.079
0.073
0.07
0.0795
0.0805
0.079
0.079
0.086
0.072
0.067
0.0735
0.07
0.065
0.0565
0.062
0.078
0.0745
0.071
0.0725
0.0585
0.053
0.047
0.04
0.0385
0.041
0.0395
0.0405
0.0395
0.0445
0.0455
0.0475
0.047
0.042
0.0385
0.039
0.042
0.041
0.0385
0.0365
0.0445
0.045
0.0495
0.045
0.0425
0.0515
0.0455
0.0415
0.0455
0.048
0.0315
0.0265
0.0285
0.022
0.0215
0.023
0.0265
0.0305
0.0355
0.04
0.046
0.05
0.052
0.061
0.0595
0.0605
0.065
0.0585
0.0515
0.043
0.0465
0.049
0.052
0.049
0.0455
0.049
0.052
0.0455
0.0445
0.045
0.04
0.041
0.0425
0.0445
0.0475
0.0465
0.0495
0.05
0.0495
0.0495
0.051
0.053
0.061
0.0585
0.058
0.0685
0.0715
0.0655
0.0655
0.068
0.066
0.07
0.082
0.077
0.074
0.075
0.0795
0.0865
0.087
0.0845
0.092
0.0875
0.082
0.0825
0.0755
0.073
0.0725
0.0675
0.067
0.069
0.062
0.059
0.068
0.066
0.061
0.057
0.055
0.0645
0.07
0.0735
0.07
0.062
0.0625
0.0605
0.061
0.071
0.068
0.073
0.074
0.0745
0.077
0.074
0.0835
0.0935
0.086
0.089
0.097
0.0865
0.092
0.09
0.0965
0.0995
0.0995
0.1085
0.116
0.112
0.116
0.113
0.1205
0.1095
0.1125
0.114
0.125
0.1275
0.122
0.127
0.1135
0.121
0.125
0.131
0.142
0.154
0.1425
0.1275
0.127
0.14
0.146
0.1335
0.13
0.136
0.1265
0.124
0.116
0.11
0.1065
0.103
0.102
0.1005
0.099
0.1015
0.1085
0.12
0.1165
0.1215
0.138
0.146
0.162
0.1715
0.184
0.192
0.202
0.2055
0.199
0.194
0.1875
0.1955
0.1845
0.198
0.1975
0.2055
0.1975
0.1875
0.1815
0.1705
0.162
0.167
0.157
0.167
0.171
0.1745
0.1815
0.1775
0.1765
0.176
0.176
0.177
0.182
0.1795
0.182
0.176
0.187
0.187
0.185
0.1805
0.1755
0.1635
0.1655
0.1645
0.1585
0.145
0.1465
0.152
0.158
0.147
0.1545
0.1465
0.1425
0.1345
0.1365
0.143
0.153
0.1615
0.1525
0.1685
0.1635
0.1395
0.135
0.1445
0.1325
0.1295
0.1315
0.1305
0.1185
0.123
0.1205
0.1105
0.0985
0.1035
0.0985
0.095
0.096
0.086
0.0885
0.09
0.0875
0.0865
0.0835
0.0855
0.0825
0.0865
0.095
0.096
0.096
0.088
0.103
0.1
0.1065
0.099
0.104
0.1035
0.094
0.0955
0.101
0.0995
0.1045
0.1
0.0965
0.086
0.085
0.0815
0.07
0.073
0.0695
0.0665
0.0665
0.06
0.0605
0.0585
0.0585
0.064
0.0625
0.057
0.0505
0.054
0.0565
0.057
0.061
0.061
0.0665
0.076
0.0735
0.0705
0.072
0.068
0.062
0.058
0.0535
0.055
0.059
0.0575
0.0625
0.059
0.047
0.0475
0.0505
0.048
0.0515
0.0515
0.0505
0.0545
0.0505
0.044
0.0505
0.055
0.0565
0.072
0.082
0.0855
0.086
0.075
0.0785
0.0725
0.0715
0.0835
0.082
0.0775
0.0765
0.077
0.0745
0.084
0.0915
0.086
0.091
0.105
0.098
0.099
0.0975
0.0985
0.113
0.125
0.129
0.1335
0.1305
0.133
0.144
0.1565
0.165
0.155
0.166
0.1605
0.158
0.1395
0.139
0.1375
0.1315
0.134
0.128
0.123
0.127
0.138
0.1375
0.14
0.1415
0.142
0.1595
0.1675
0.1605
0.158
0.168
0.1785
0.1825
0.1845
0.1895
0.1955
0.2035
0.2
0.1785
0.1795
0.1765
0.176
0.181
0.1905
0.178
0.177
0.1645
0.1615
0.1605
0.1485
0.151
0.1645
0.174
0.1605
0.1555
0.1605
0.145
0.141
0.1585
0.158
0.1515
0.1405
0.1445
0.132
0.1435
0.1495
0.1495
0.156
0.1515
0.1535
0.155
0.161
0.165
0.1675
0.1715
0.1615
0.171
0.1745
0.182
0.175
0.169
0.1665
0.17
0.167
0.171
0.17
0.1825
0.1925
0.1905
0.1935
0.1855
0.178
0.171
0.1705
0.1685
0.1735
0.17
0.1695
0.166
0.169
0.168
0.178
0.177
0.169
0.169
0.18
0.166
0.1575
0.1575
0.1535
0.145
0.1565
0.1525
0.1545
0.15
0.1415
0.139
0.138
0.1285
0.138
0.13
0.1335
0.121
0.1095
0.1055
0.104
0.105
0.106
0.0975
0.0865
0.085
0.089
0.0875
0.081
0.092
0.091
0.0905
0.089
0.099
0.105
0.0995
0.1135
0.1135
0.108
0.1135
0.1195
0.1295
0.1365
0.1365
0.137
0.1285
0.1195
0.1255
0.1335
0.142
0.1505
0.14
0.1505
0.1435
0.154
0.1525
0.162
0.154
0.1475
0.1545
0.1565
0.163
0.1545
0.138
0.1255
0.127
0.1325
0.1255
0.1295
0.15
0.1465
0.1535
0.158
0.156
0.152
0.156
0.15
0.1495
0.1535
0.1405
0.151
0.157
0.159
0.157
0.1605
0.1605
0.1585
0.1575
0.1685
0.1705
0.172
0.1685
0.174
0.1675
0.165
0.1695
0.1675
0.153
0.1435
0.1425
0.1465
0.1515
0.151
0.151
0.153
0.161
0.1785
0.1615
0.1585
0.164
0.167
0.1555
0.1455
0.1595
0.153
0.169
0.161
0.1605
0.176
0.1785
0.183
0.168
0.165
0.176
0.1605
0.1695
0.175
0.1705
0.173
0.172
0.181
0.1765
0.173
0.169
0.156
0.1635
0.1795
0.183
0.192
0.181
0.191
0.1965
0.1915
0.1885
0.1935
0.1895
0.2185
0.209
0.198
0.1955
0.206
0.193
0.196
0.1855
0.1735
0.169
0.165
0.1585
0.1535
0.1515
0.139
0.142
0.1545
0.1605
0.1665
0.1565
0.1545
0.158
0.169
0.1785
0.1745
0.167
0.157
0.156
0.1455
0.152
0.161
0.1525
0.1475
0.155
0.154
0.1605
0.16
0.1375
0.148
0.1475
0.155
0.1545
0.1535
0.153
0.143
0.146
0.1455
0.1475
0.1485
0.147
0.1545
0.155
0.1665
0.1605
0.15
0.1435
0.151
0.1445
0.146
0.148
0.149
0.154
0.1415
0.152
0.1585
0.1595
0.1575
0.1505
0.145
0.147
0.1435
0.145
0.139
0.134
0.121
0.1315
0.1355
0.1295
0.124
0.131
0.129
0.1315
0.129
0.137
0.131
0.1295
0.1435
0.1555
0.15
0.149
0.1545
0.1465
0.1415
0.1325
0.1175
0.1315
0.1375
0.13
0.1345
0.1285
0.128
0.126
0.1195
0.1295
0.131
0.142
0.149
0.1415
0.1505
0.148
0.144
0.1515
0.1435
0.142
0.146
0.1415
0.1585
0.1505
0.143
0.1435
0.141
0.1355
0.1525
0.146
0.156
0.1455
0.1305
0.1245
0.11
0.1095
0.111
0.1095
0.118
0.122
0.1235
0.1145
0.1035
0.104
0.0935
0.0935
0.1025
0.1095
0.108
0.098
0.092
0.083
0.0815
0.0765
0.0675
0.065
0.06
0.0635
0.0695
0.089
0.0965
0.1015
0.09
0.084
0.083
0.085
0.0815
0.087
0.077
0.0805
0.0855
0.0855
0.0815
0.072
0.079
0.072
0.078
0.0935
0.093
0.0835
0.097
0.0965
0.101
0.097
0.0815
0.072
0.073
0.0755
0.078
0.0655
0.064
0.063
0.074
0.081
0.0865
0.0875
0.0875
0.087
0.089
0.0815
0.0775
0.0795
0.074
0.0875
0.0815
0.08
0.0805
0.08
0.0755
0.0835
0.091
0.0865
0.0905
0.0765
0.086
0.0825
0.086
0.074
0.0745
0.074
0.0685
0.0665
0.0685
0.0705
0.078
0.085
0.1
0.095
0.089
0.091
0.0885
0.0835
0.0865
0.085
0.0845
0.087
0.0815
0.087
0.084
0.0885
0.089
0.0875
0.0875
0.086
0.0845
0.0805
0.0855
0.0895
0.0865
0.0675
0.069
0.0715
0.08
0.087
0.094
0.0955
0.104
0.102
0.1055
0.102
0.1005
0.109
0.1095
0.108
0.1045
0.113
0.119
0.12
0.114
0.1175
0.1215
0.131
0.1225
0.12
0.1165
0.1205
0.141
0.151
0.149
0.146
0.1445
0.1385
0.136
0.1445
0.154
0.16
0.155
0.146
0.1505
0.1505
0.1515
0.14
0.1505
0.1535
0.154
0.1435
0.153
0.153
0.149
0.1625
0.174
0.177
0.1725
0.181
0.1785
0.193
0.213
0.206
0.2145
0.218
0.213
0.2095
0.2205
0.214
0.2095
0.2055
0.207
0.2075
0.2
0.2
0.2015
0.1975
0.1735
0.187
0.1915
0.1815
0.19
0.187
0.1925
0.197
0.2035
0.2175
0.2175
0.1935
0.193
0.1795
0.1885
0.1875
0.193
0.1815
0.1815
0.191
0.184
0.176
0.174
0.1725
0.1575
0.152
0.142
0.141
0.13
0.1315
0.1365
0.1325
0.126
0.132
0.133
0.126
0.1325
0.142
0.1465
0.1505
0.1385
0.1445
0.157
0.158
0.1565
0.154
0.1395
0.1375
0.1405
0.133
0.1325
0.1325
0.137
0.137
0.1445
0.162
0.17
0.1715
0.1765
0.1685
0.173
0.1605
0.16
0.168
0.171
0.17
0.175
0.1695
0.1855
0.1885
0.1925
0.1875
0.201
0.193
0.1905
0.1855
0.1885
0.1865
0.1835
0.184
0.176
0.163
0.1555
0.1575
0.169
0.183
0.181
0.186
0.1705
0.17
0.1485
0.152
0.1415
0.1535
0.1495
0.1665
0.1605
0.162
0.158
0.162
0.166
0.175
0.184
0.1925
0.1875
0.191
0.196
0.213
0.222
0.225
0.2365
0.2405
0.236
0.2395
0.244
0.24
0.242
0.2455
0.2475
0.242
0.2445
0.252
0.2475
0.2515
0.245
0.2505
0.234
0.2325
0.222
0.23
0.227
0.2215
0.219
0.24
0.241
0.231
0.239
0.222
0.2125
0.2035
0.1925
0.2
0.195
0.195
0.1965
0.1935
0.191
0.195
0.196
0.208
0.199
0.1995
0.189
0.1965
0.1875
0.184
0.1865
0.186
0.1925
0.189
0.205
0.2015
0.1885
0.18
0.1835
0.18
0.176
0.18
0.1815
0.1805
0.187
0.1865
0.194
0.2025
0.1975
0.2035
0.2
0.1955
0.1905
0.1955
0.2005
0.184
0.177
0.173
0.171
0.181
0.176
0.1755
0.1605
0.165
0.177
0.1755
0.181
0.19
0.1925
0.1865
0.191
0.1895
0.1615
0.165
0.1655
0.1685
0.1675
0.166
0.147
0.149
0.162
0.161
0.159
0.1495
0.1575
0.1515
0.1545
0.1605
0.1555
0.1665
0.1695
0.161
0.1425
0.1285
0.129
0.119
0.125
0.123
0.1195
0.1275
0.1075
0.0895
0.091
0.097
0.09
0.087
0.101
0.097
0.0865
0.087
0.094
0.104
0.106
0.108
0.109
0.1155
0.1195
0.1115
0.1115
0.1075
0.097
0.101
0.0935
0.0985
0.089
0.093
0.0945
0.1095
0.1125
0.109
0.1025
0.103
0.1085
0.1135
0.113
0.1215
0.111
0.104
0.1145
0.1245
0.136
0.1325
0.134
0.138
0.1455
0.1535
0.1585
0.158
0.1545
0.175
0.173
0.1765
0.187
0.188
0.214
0.207
0.196
0.207
0.211
0.206
0.2165
0.239
0.2445
0.2415
0.241
0.2365
0.2415
0.243
0.2475
0.254
0.2675
0.2715
0.252
0.2645
0.267
0.267
0.2545
0.2605
0.249
0.264
0.265
0.2795
0.276
0.2825
0.3015
0.307
0.3025
0.299
0.306
0.295
0.2995
0.287
0.289
0.2925
0.299
0.282
0.2945
0.2855
0.284
0.297
0.308
0.2925
0.298
0.2995
0.3015
0.2955
0.309
0.3025
0.2755
0.288
0.2835
0.2695
0.2815
0.2715
0.2715
0.2615
0.2585
0.255
0.2655
0.2505
0.2385
0.238
0.2275
0.2285
0.249
0.256
0.2565
0.264
0.265
0.253
0.2575
0.274
0.277
0.264
0.254
0.2425
0.2325
0.2345
0.2475
0.2605
0.2505
0.235
0.2265
0.224
0.2215
0.221
0.2285
0.245
0.249
0.2415
0.247
0.2695
0.2835
0.299
0.314
0.3075
0.3175
0.3205
0.3275
0.3295
0.3195
0.31
0.3055
0.2985
0.2885
0.2925
0.276
0.282
0.2785
0.299
0.3075
0.3115
0.3295
0.331
0.345
0.354
0.3365
0.3375
0.3625
0.3435
0.343
0.34
0.33
0.335
0.3495
0.3465
0.361
0.3795
0.378
0.357
0.3505
0.351
0.371
0.3905
0.385
0.376
0.3845
0.3665
0.3605
0.3455
0.36
0.3535
0.338
0.3515
0.359
0.36
0.378
0.3935
0.389
0.3725
0.3745
0.369
0.389
0.403
0.3935
0.4065
0.418
0.418
0.424
0.413
0.4135
0.409
0.4225
0.4135
0.408
0.3805
0.3785
0.3975
0.3795
0.3695
0.3815
0.372
0.363
0.3735
0.362
0.3655
0.3575
0.3425
0.3455
0.3295
0.3495
0.341
0.3365
0.3335
0.357
0.3555
0.3505
0.352
0.366
0.365
0.351
0.345
0.3415
0.356
0.346
0.3645
0.3745
0.358
0.3555
0.349
0.3415
0.337
0.3285
0.325
0.3175
0.3235
0.3305
0.333
0.3205
0.3145
0.3165
0.332
0.3305
0.34
0.3445
0.336
0.336
0.3225
0.319
0.3265
0.321
0.33
0.3445
0.3415
0.3425
0.34
0.3385
0.3395
0.323
0.333
0.3275
0.3245
0.315
0.3125
0.2975
0.2965
0.2885
0.281
0.2745
0.2965
0.2955
0.3085
0.286
0.2815
0.271
0.2705
0.2725
0.274
0.2895
0.289
0.2825
0.2745
0.257
0.2535
0.2615
0.2535
0.2495
0.249
0.2205
0.231
0.2245
0.2165
0.223
0.2135
0.2075
0.2015
0.1955
0.2035
0.192
0.1825
0.173
0.1665
0.1575
0.1375
0.1315
0.132
0.131
0.139
0.1225
0.1115
0.106
0.1055
0.1025
0.1125
0.108
0.121
0.1225
0.118
0.1145
0.101
0.1085
0.108
0.1085
0.1005
0.0985
0.089
0.0855
0.0965
0.0905
0.0895
0.0905
0.092
0.093
0.097
0.0935
0.1035
0.1075
0.1055
0.096
0.0925
0.099
0.098
0.099
0.105
0.104
0.1065
0.1015
0.1125
0.1045
0.1015
0.0975
0.094
0.093
0.091
0.0875
0.084
0.0845
0.0775
0.076
0.078
0.0745
0.0695
0.0705
0.066
0.066
0.061
0.065
0.0615
0.061
0.066
0.059
0.055
0.0505
0.0515
0.0545
0.0545
0.056
0.0505
0.0505
0.049
0.0485
0.0325
0.034
0.038
0.043
0.0365
0.039
0.04
0.0435
0.0425
0.047
0.048
0.0515
0.0555
0.052
0.0505
0.0455
0.0515
0.0585
0.0595
0.0605
0.06
0.0485
0.0435
0.049
0.0545
0.0645
0.065
0.052
0.055
0.0475
0.044
0.0425
0.0375
0.037
0.0425
0.0485
0.0505
0.047
0.043
0.0335
0.0315
0.0365
0.035
0.0285
0.027
0.035
0.03
0.032
0.031
0.032
0.027
0.028
0.0235
0.024
0.022
0.025
0.0245
0.023
0.018
0.019
0.015
0.013
0.013
0.0135
0.018
0.0235
0.0215
0.0225
0.025
0.0205
0.0185
0.022
0.021
0.0215
0.0245
0.029
0.0265
0.024
0.0205
0.025
0.025
0.027
0.0275
0.0325
0.0285
0.0275
0.0235
0.0275
0.0295
0.028
0.0315
0.0365
0.0305
0.03
0.0345
0.035
0.0365
0.0395
0.045
0.0435
0.0415
0.0425
0.0465
0.0485
0.042
0.0415
0.0425
0.043
0.049
0.0485
0.045
0.0405
0.0395
0.043
0.031
0.0335
0.0295
0.0275
0.0305
0.0305
0.031
0.0405
0.0375
0.035
0.0345
0.0425
0.0395
0.0385
0.037
0.0315
0.023
0.027
0.029
0.0295
0.0325
0.04
0.035
0.0345
0.0275
0.0255
0.026
0.026
0.031
0.0345
0.035
0.039
0.039
0.0375
0.0445
0.0485
0.041
0.04
0.0425
0.0515
0.0485
0.045
0.04
0.0385
0.0445
0.044
0.0425
0.0405
0.042
0.046
0.04
0.0385
0.0395
0.0375
0.0335
0.0315
0.0315
0.0325
0.036
0.041
0.042
0.036
0.0235
0.029
0.031
0.03
0.0255
0.0265
0.0295
0.0265
0.0225
0.02
0.015
0.015
0.0195
0.0175
0.0195
0.019
0.0175
0.016
0.016
0.018
0.0175
0.0245
0.019
0.0175
0.016
0.014
0.011
0.008
0.0115
0.01
0.013
0.012
0.011
0.0085
0.009
0.0075
0.0055
0.0045
0.0065
0.005
0.005
0.005
0.006
0.009
0.0105
0.008
0.009
0.011
0.014
0.014
0.0115
0.011
0.013
0.015
0.0145
0.0115
0.01
0.011
0.011
0.0105
0.0135
0.011
0.0095
0.0135
0.0145
0.017
0.0155
0.0145
0.016
0.0185
0.017
0.015
0.018
0.0165
0.018
0.02
0.0185
0.016
0.014
0.016
0.0195
0.017
0.0225
0.0275
0.0285
0.0245
0.023
0.0245
0.023
0.0265
0.0345
0.0335
0.0405
0.0365
0.0385
0.038
0.0375
0.0365
0.032
0.034
0.027
0.021
0.018
0.02
0.015
0.0095
0.0055
0.003
0.003
0.0025
0.0005
0.0005
0.0005
0.0
