0.01 0.04188919833045961 0.0 -0.01
0.01 0.04103536701396734 1.5594191357052247e-17 -0.001
0.01 0.03477438829805822 0.002022932357487433 -0.0001
0.01 0.019430528701374947 0.0077151124354193235 -1e-05
0.01 0.010164881178736531 0.00016455827264007608 -1e-07
0.02 0.08357120422876765 0.0 -0.01
0.02 0.08187641889967993 1.0289167937939493e-16 -0.001
0.02 0.06943333178880298 0.0044189405515970915 -0.0001
0.02 0.03884488731864987 0.015507987162874812 -1e-05
0.02 0.020329660959214978 0.0003290286149644433 -1e-07
0.03 0.12484391023220519 0.0 -0.01
0.03 0.12233340761101631 5.526164540705469e-16 -0.001
0.03 0.10386329210391695 0.007230852359318463 -0.0001
0.03 0.058226972964454345 0.0233657415887915 -1e-05
0.03 0.03049423794823458 0.0004933098125197298 -1e-07
0.04 0.16551509076521237 0.0 -0.01
0.04 0.1622254713887572 2.7738547525932112e-15 -0.001
0.04 0.137954470828582 0.010502150987390744 -0.0001
0.04 0.07756081649450863 0.031275190921482864 -1e-05
0.04 0.0406585107627087 0.0006573006444261404 -1e-07
0.05 0.20540665191907695 0.0 -0.01
0.05 0.20138448210595028 1.3353889789162398e-14 -0.001
0.05 0.1716025021409742 0.014276018577138635 -0.0001
0.05 0.09683064776455116 0.03922290178112033 -1e-05
0.05 0.0508223780347203 0.0008208998885850754 -1e-07
0.06 0.2443581284375518 0.0 -0.01
0.06 0.23965824100078142 6.182753938946117e-14 -0.001
0.06 0.20470994604715093 0.01859426014430249 -0.0001
0.06 0.1160209589810659 0.047195247642209684 -1e-05
0.06 0.06098573841657586 0.0009840063267205488 -1e-07
0.07 0.28222929213705517 0.0 -0.01
0.07 0.27691290123553813 2.745238081319981e-13 -0.001
0.07 0.23718753657508676 0.023496148769825368 -0.0001
0.07 0.13511656556173374 0.05517846556579793 -1e-05
0.07 0.07114849058585677 0.0011465187491436065 -1e-07
0.08 0.31890181249862304 0.0 -0.01
0.08 0.3130345599873394 1.164525864952049e-12 -0.001
0.08 0.2689551543784951 0.02901724267616939 -0.0001
0.08 0.15410266396373884 0.06315871366291102 -1e-05
0.08 0.08131053325046783 0.001308335960015345 -1e-07
0.09 0.354279983567921 0.0 -0.01
0.09 0.347930025200174 4.7029457319582036e-12 -0.001
0.09 0.29994250907656045 0.035188231094567625 -0.0001
0.09 0.17296488598867008 0.07112212872492939 -1e-05
0.09 0.09147176515368229 0.0014693567824991302 -1e-07
0.1 0.3882905936112312 0.0 -0.01
0.1 0.3815268160709827 1.8030790766315738e-11 -0.001
0.1 0.33008953196970153 0.04203386762173177 -0.0001
0.1 0.19168934913045568 0.07905488346068244 -1e-05
0.1 0.10163208507918266 0.0016294800635804157 -1e-07
0.11 0.42088206002645134 0.0 -0.01
0.11 0.4137724973183247 6.549119623828909e-11 -0.001
0.11 0.3593464933818771 0.049572046684042484 -0.0001
0.11 0.21026270259610305 0.08694324279378594 -1e-05
0.11 0.11179139185609692 0.0017886046792189604 -1e-07
0.12 0.4520229797462407 0.0 -0.01
0.12 0.44463347326903496 2.2505791137481708e-10 -0.001
0.12 0.3876738699568353 0.057813070985951114 -0.0001
0.12 0.22867216869642254 0.09477361869661485 -1e-05
0.12 0.12194958436402951 0.0019466295392794484 -1e-07
0.13 0.481700255529838 0.0 -0.01
0.13 0.4740933790457458 7.312498728155864e-10 -0.001
0.13 0.4150419953078431 0.06675914620661569 -0.0001
0.13 0.24690557937380464 0.10253262306860901 -1e-05
0.13 0.13210656153808614 0.002103453592794507 -1e-07
0.14 0.5099169538846625 0.0 -0.01
0.14 0.5021512046210891 2.246365350686025e-09 -0.001
0.14 0.44143053236655283 0.0764041249606227 -0.0001
0.14 0.2649514077049018 0.11020711820532567 -1e-05
0.14 0.1422622223738925 0.0022589758326183236 -1e-07
0.15 0.5366900347672406 0.0 -0.01
0.15 0.528819276223091 6.527582258212234e-09 -0.001
0.15 0.46682780777378263 0.08673350663987558 -0.0001
0.15 0.2827987942862176 0.11778426444979538 -1e-05
0.15 0.1524164659326059 0.002413095300911266 -1e-07
0.16 0.562048070831582 0.0 -0.01
0.16 0.5541212018786313 1.7959402064966065e-08 -0.001
0.16 0.49123004810025733 0.09772468471567058 -0.0001
0.16 0.3004375684786986 0.12525156466795304 -1e-05
0.16 0.1625691913459191 0.002565711093682701 -1e-07
0.17 0.5860290485966655 0.0 -0.01
0.17 0.5780898669261287 4.6845756701093885e-08 -0.001
0.17 0.5146405551085889 0.10934741973643748 -0.0001
0.17 0.3178582645521792 0.13259690524402906 -1e-05
0.17 0.172720297821056 0.00271672236622021 -1e-07
0.18 0.608678318514994 0.0 -0.01
0.18 0.6007655437380858 1.1603449730204756e-07 -0.001
0.18 0.5370688532491019 0.1215645056124866 -0.0001
0.18 0.33505213283083696 0.13980859334837886 -1e-05
0.18 0.18286968464575884 0.0028660283377432106 -1e-07
0.19 0.6300467376659938 0.0 -0.01
0.19 0.6221941595992591 2.7342632027642235e-07 -0.001
0.19 0.5585298376843686 0.13433258942954757 -0.0001
0.19 0.35201114599574757 0.14687539028803245 -1e-05
0.19 0.19301725119326574 0.003013528296610573 -1e-07
0.2 0.6501890289329576 0.0 -0.01
0.2 0.6424257489162176 6.141847465133234e-07 -0.001
0.2 0.5790429458580524 0.1476031011546018 -0.0001
0.2 0.3687280007494745 0.15378654080800291 -1e-05
0.2 0.2031628969272786 0.0031591216051958383 -1e-07
0.21 0.6691623645901267 0.0 -0.01
0.21 0.6615131013056647 1.3178934568899969e-06 -0.001
0.21 0.5986313703672077 0.1613232489995875 -0.0001
0.21 0.38519611508987633 0.16053179826788513 -1e-05
0.21 0.2133065214069201 0.0033027077049286374 -1e-07
0.22 0.687025170231849 0.0 -0.01
0.22 0.6795106057635082 2.707253840419515e-06 -0.001
0.22 0.6173213259642771 0.1754370384225584 -0.0001
0.22 0.40140962147565445 0.1671014456725124 -1e-05
0.22 0.22344802429168031 0.0034441861213915094 -1e-07
0.23 0.7038361365738092 0.0 -0.01
0.23 0.6964732828672657 5.335816210843136e-06 -0.001
0.23 0.6351413791059329 0.18988627713275663 -0.0001
0.23 0.4173633561944894 0.17348631258644878 -1e-05
0.23 0.23358730534635117 0.003583456468807318 -1e-07
0.24 0.7196534213123844 0.0 -0.01
0.24 0.7124559914282131 1.0112276784247745e-05 -0.001
0.24 0.6521218446923933 0.20461153432018148 -0.0001
0.24 0.4330528452659822 0.179677788009107 -1e-05
0.24 0.2437242644459488 0.0037204184556346733 -1e-07
0.25 0.7345340203384918 0.0 -0.01
0.25 0.7275127927138472 1.8467681555445986e-05 -0.001
0.25 0.6682942515428448 0.21955302896657844 -0.0001
0.25 0.44847428722625615 0.18566782932977005 -1e-05
0.25 0.25385880158062346 0.003854971888889144 -1e-07
0.26 0.7485332865764439 0.0 -0.01
0.26 0.7416964538187348 3.256925373667635e-05 -0.001
0.26 0.6836908757163018 0.23465142891193688 -0.0001
0.26 0.4636245331493303 0.19144896751920726 -1e-05
0.26 0.2639908168605561 0.003987016679572483 -1e-07
0.27 0.7617045750279922 0.0 -0.01
0.27 0.7550580715199811 5.5580555286002434e-05 -0.001
0.27 0.6983443389621454 0.24984854886790664 -0.0001
0.27 0.4785010642627277 0.19701430874671141 -1e-05
0.27 0.27412021052084046 0.004116452847215436 -1e-07
0.28 0.7740989938040476 0.0 -0.01
0.28 0.7676467986203992 9.196264844079024e-05 -0.001
0.28 0.7122872682982619 0.26508794144108355 -0.0001
0.28 0.4931019675117582 0.20235753263810208 -1e-05
0.28 0.2842468829263518 0.004243180525029972 -1e-07
0.29 0.785765242669628 0.0 -0.01
0.29 0.7795096560370601 0.00014780543733637928 -0.001
0.29 0.7255520118845227 0.2803153802395832 -0.0001
0.29 0.50742590941914 0.20747288741150838 -1e-05
0.29 0.2943707345766001 0.004367099964507485 -1e-07
0.3 0.7967495226451516 0.0 -0.01
0.3 0.7906914154847846 0.0002311731910398052 -0.001
0.3 0.7381704059011859 0.29547923818487826 -0.0001
0.3 0.5214721085747327 0.21235518214374965 -1e-05
0.3 0.3044916661105676 0.00448811154068183 -1e-07
0.31 0.8070955023075138 0.0 -0.01
0.31 0.8012345393467853 0.00035244413552365625 -0.001
0.31 0.750173586975988 0.3105307672284489 -0.0001
0.31 0.5352403070747996 0.21699977643106141 -1e-05
0.31 0.3146095783115306 0.004606115756561324 -1e-07
0.32 0.8168443284868115 0.0 -0.01
0.32 0.8111791660857722 0.0005246215777816606 -0.001
0.32 0.7615918447586143 0.32542428783744703 -0.0001
0.32 0.5487307412120594 0.2214025677141192 -1e-05
0.32 0.3247243721118646 0.0047210132483917755 -1e-07
0.33 0.8260346709763211 0.0 -0.01
0.33 0.820563131239876 0.0007635936718449561 -0.001
0.33 0.772454509455149 0.34011729796709905 -0.0001
0.33 0.5619441116974432 0.22555997653917573 -1e-05
0.33 0.33483594859783256 0.004832704790088497 -1e-07
0.34 0.8347027926174706 0.0 -0.01
0.34 0.8294220156140713 0.0010883207374039754 -0.001
0.34 0.7827898694566878 0.3545705119055097 -0.0001
0.34 0.5748815536725587 0.2294689300250619 -1e-05
0.34 0.34494420901435524 0.004941091298277724 -1e-07
0.35 0.842882637666894 0.0 -0.01
0.35 0.8377892136898714 0.0015209327884047894 -0.001
0.35 0.7926251145842071 0.36874783949219525 -0.0001
0.35 0.5875446067489085 0.23312684380030912 -1e-05
0.35 0.355049054769763 0.005046073837171829 -1e-07
0.36 0.850605932695734 0.0 -0.01
0.36 0.8456960165223232 0.002086725177158351 -0.001
0.36 0.8019863008938809 0.38261631590469086 -0.0001
0.36 0.5999351852864313 0.23653160266618717 -1e-05
0.36 0.36515038744053024 0.005147553622890548 -1e-07
0.37 0.8579022954200897 0.0 -0.01
0.37 0.8531717044742897 0.0028140464179344854 -0.001
0.37 0.8108983334190445 0.39614599159614583 -0.0001
0.37 0.6120555491003724 0.23968154023049898 -1e-05
0.37 0.37524810877598874 0.005245432028890187 -1e-07
0.38 0.8647993478306588 0.0 -0.01
0.38 0.860243646062033 0.0037340786829348016 -0.001
0.38 0.8193849636494277 0.40930979115352056 -0.0001
0.38 0.623908274762222 0.24257541774403335 -1e-05
0.38 0.38534212070302293 0.005339610590174047 -1e-07
0.39 0.8713228307974591 0.0 -0.01
0.39 0.8669373999660523 0.004880517564005987 -0.001
0.39 0.8274687989529856 0.42208334891584903 -0.0001
0.39 0.6354962276378301 0.24521240235703276 -1e-05
0.39 0.3954323253307439 0.005429991008167636 -1e-07
0.4 0.8774967179915619 0.0 -0.01
0.4 0.8732768179121179 0.006289162974646869 -0.001
0.4 0.8351713215229043 0.43444482821269026 -0.0001
0.4 0.6468225347840586 0.24759204499739942 -1e-05
0.4 0.40551862495514296 0.005516475155483093 -1e-07
0.41 0.8833433275093335 0.0 -0.01
0.41 0.8792841466652229 0.00799743718554211 -0.001
0.41 0.842512914777671 0.4463747301057317 -0.0001
0.41 0.6578905588047098 0.24971425805593672 -1e-05
0.41 0.4156009220637242 0.005598965080572799 -1e-07
0.42 0.8888834300239032 0.0 -0.01
0.42 0.8849801278191705 0.01004384875947642 -0.001
0.42 0.8495128954535431 0.4578556965787212 -0.0001
0.42 0.668703872747105 0.2515792930470923 -1e-05
0.42 0.42567911934011504 0.005677363012382995 -1e-07
0.43 0.8941363526400213 0.0 -0.01
0.43 0.8903840944210987 0.012467422543835162 -0.001
0.43 0.8561895499061284 0.46887231224752984 -0.0001
0.43 0.6792662361027277 0.2531877183967718 -1e-05
0.43 0.43575311966865404 0.005751571365007402 -1e-07
0.44 0.8991200779067673 0.0 -0.01
0.44 0.8955140637565276 0.015307115980326335 -0.001
0.44 0.8625601733822039 0.47941090786855023 -0.0001
0.44 0.6895815719588342 0.2545403974920211 -1e-05
0.44 0.44582282613895685 0.005821492742230036 -1e-07
0.45 0.903851337660539 0.0 -0.01
0.45 0.9003868258480573 0.01860124098111479 -0.001
0.45 0.8686411112362378 0.48945936821747704 -0.0001
0.45 0.6996539453329335 0.2556384671110164 -1e-05
0.45 0.45588814205045863 0.005887029942234223 -1e-07
0.46 0.908345701539343 0.0 -0.01
0.46 0.9050180273997882 0.022386908731507515 -0.001
0.46 0.874447801250719 0.49900694629374454 -0.0001
0.46 0.7094875427085375 0.2564833163360295 -1e-05
0.46 0.4659489709169321 0.005948085962090021 -1e-07
0.47 0.9126176601379001 0.0 -0.01
0.47 0.9094222510585581 0.026699512266653416 -0.001
0.47 0.8799948163779878 0.508044085276333 -0.0001
0.47 0.7190866527785715 0.2570765660369754 -1e-05
0.47 0.47600521647098226 0.00600456400240783 -1e-07
0.48 0.916680702869301 0.0 -0.01
0.48 0.913613089969574 0.031572258783644926 -0.001
0.48 0.8852959073564844 0.516562249209315 -0.0001
0.48 0.7284556483922568 0.2574200489989315 -1e-05
0.48 0.48605678266851626 0.006056367471659612 -1e-07
0.49 0.9205473906693324 0.0 -0.01
0.49 0.9176032176841853 0.03703576061704624 -0.001
0.49 0.8903640447688657 0.5245537630236904 -0.0001
0.49 0.7375989696920952 0.2575157907537465 -1e-05
0.49 0.4961035736931874 0.006103399991054113 -1e-07
0.5 0.9242294237295126 0.0 -0.01
0.5 0.9214044535365621 0.04311769081511775 -0.001
0.5 0.8952114602057972 0.5320116621980773 -0.0001
0.5 0.7465211084196941 0.2573659911635338 -1e-05
0.5 0.5061454939608145 0.006145565398581067 -1e-07
0.51 0.9277377044786999 0.0 -0.01
0.51 0.9250278236482266 0.04984250645382865 -0.001
0.51 0.8998496862797685 0.5389295521167297 -0.0001
0.51 0.7552265933625243 0.2569730067925695 -1e-05
0.51 0.5161824481237748 0.006182767753831022 -1e-07
0.52 0.9310823960543996 0.0 -0.01
0.52 0.9284836177482267 0.05723124032137203 -0.001
0.52 0.9042895953001423 0.5453014769912125 -0.0001
0.52 0.7637199769081713 0.25633933409382104 -1e-05
0.52 0.5262143410753701 0.006214911342150355 -1e-07
0.53 0.9342729765165068 0.0 -0.01
0.53 0.9317814420151658 0.06530135946292953 -0.001
0.53 0.9085414364757818 0.5511217980644156 -0.0001
0.53 0.7720058226681717 0.2554675934270957 -1e-05
0.53 0.5362410779541662 0.006241900679294884 -1e-07
0.54 0.9373182890604672 0.0 -0.01
0.54 0.934930268157613 0.07406668732493933 -0.001
0.54 0.9126148715566978 0.5563850807054271 -0.0001
0.54 0.7800886941299938 0.2543605139175097 -1e-05
0.54 0.546262564148305 0.006263640515640288 -1e-07
0.55 0.940226588485577 0.0 -0.01
0.55 0.9379384789535429 0.08353738488317719 -0.001
0.55 0.9165190088627708 0.5610859899248912 -0.0001
0.55 0.787973144293044 0.2530209191556773 -1e-05
0.55 0.5562787052997885 0.006280035840447921 -1e-07
0.56 0.9430055841688378 0.0 -0.01
0.56 0.9408139104688793 0.09371998516117816 -0.001
0.56 0.9202624356770212 0.5652191937872213 -0.0001
0.56 0.7956637062426752 0.25145171373461506 -1e-05
0.56 0.5662894073087352 0.00629099188662923 -1e-07
0.57 0.9456624797865884 0.0 -0.01
0.57 0.9435638911711883 0.10461747491147673 -0.001
0.57 0.9238532490043039 0.5687792741635721 -0.0001
0.57 0.8031648846149321 0.2496558706128106 -1e-05
0.57 0.5762945763376065 0.006296414134402167 -1e-07
0.58 0.9482040100159573 0.0 -0.01
0.58 0.9461952781480153 0.11622941689877098 -0.001
0.58 0.9272990847146579 0.5717606442535651 -0.0001
0.58 0.8104811479041252 0.2476364192881736 -1e-05
0.58 0.5862941188154054 0.006296208316111007 -1e-07
0.59 0.9506364744367263 0.0 -0.01
0.59 0.948714490631075 0.1285521061434044 -0.001
0.59 0.930607145104717 0.5741574723008691 -0.0001
0.59 0.8176169215651924 0.24539643476360046 -1e-05
0.59 0.5962879414418446 0.006290280420325966 -1e-07
0.6 0.952965768841992 0.0 -0.01
0.6 0.9511275410180504 0.1415787536058469 -0.001
0.6 0.9337842249212972 0.5759636109347923 -0.0001
0.6 0.8245765818631166 0.24293902728158132 -1e-05
0.6 0.6062759511914858 0.006278536695721211 -1e-07
0.61 0.955197414153492 0.0 -0.01
0.61 0.9534400635736164 0.15529969106952615 -0.001
0.61 0.936836735899142 0.5771725315845819 -0.0001
0.61 0.8313644504223415 0.24026733280258517 -1e-05
0.61 0.6162580553178467 0.0062608836557284785 -1e-07
0.62 0.9573365831249102 0.0 -0.01
0.62 0.9556573409808148 0.1697025913640384 -0.001
0.62 0.9397707298703416 0.5777772634330446 -0.0001
0.62 0.8379847894301231 0.2373845041998794 -1e-05
0.62 0.62623416135748 0.006237228082525891 -1e-07
0.63 0.959388125004131 0.0 -0.01
0.63 0.9577843289033414 0.1847726985199648 -0.001
0.63 0.9425919205065965 0.5777703363997523 -0.0001
0.63 0.8444417974489932 0.23429370314181552 -1e-05
0.63 0.6362041771340188 0.006207477031026769 -1e-07
0.64 0.9613565883134401 0.0 -0.01
0.64 0.9598256787088664 0.20049306291945893 -0.001
0.64 0.9453057037576247 0.5771437276700909 -0.0001
0.64 0.8507396057949641 0.23099809263146648 -1e-05
0.64 0.6461680107621918 0.006171537833145449 -1e-07
0.65 0.9632462418951676 0.0 -0.01
0.65 0.9617857584933271 0.2168447769636291 -0.001
0.65 0.9479171770499293 0.5758888113136901 -0.0001
0.65 0.8568822754397057 0.22750083017276576 -1e-05
0.65 0.6561255706518062 0.006129318101675294 -1e-07
0.66 0.9650610943593295 0.0 -0.01
0.66 0.9636686725363274 0.23380720717821318 -0.001
0.66 0.950431157310101 0.5739963105634941 -0.0001
0.66 0.8628737943966579 0.22380506153189078 -1e-05
0.66 0.6660767655116988 0.006080725734665314 -1e-07
0.67 0.966804912059475 0.0 -0.01
0.67 0.9654782793084024 0.2513582189780056 -0.001
0.67 0.9528521978760439 0.5714562523542529 -0.0001
0.67 0.8687180755528527 0.21991391506254457 -1e-05
0.67 0.6760215043536537 0.006025668918965777 -1e-07
0.68 0.9684812357132234 0.0 -0.01
0.68 0.9672182081420181 0.26947439045363686 -0.001
0.68 0.9551846043581532 0.5682579237460265 -0.0001
0.68 0.8744189549100887 0.21583049656395403 -1e-05
0.68 0.6859596964962873 0.005964056134549423 -1e-07
0.69 0.9700933957748715 0.0 -0.01
0.69 0.9688918746697882 0.28813121146052273 -0.001
0.69 0.9574324495106794 0.564389829884059 -0.0001
0.69 0.8799801902009957 0.21155788464080547 -1e-05
0.69 0.6958912515689004 0.005895796158389483 -1e-07
0.7 0.9716445266589642 0.0 -0.01
0.7 0.9705024951255133 0.3073032638800524 -0.001
0.7 0.9595995871714175 0.5598396531708485 -0.0001
0.7 0.8854054598474344 0.2070991265348987 -1e-05
0.7 0.7058160795152963 0.005820798068226886 -1e-07
0.71 0.9731375799058374 0.0 -0.01
0.71 0.9720530995962883 0.3269643780457313 -0.001
0.71 0.9616896653255331 0.5545942133492119 -0.0001
0.71 0.8906983622305644 0.2024572343990561 -1e-05
0.71 0.715734090597565 0.00573897124661448 -1e-07
0.72 0.974575336372832 0.0 -0.01
0.72 0.9735465443070583 0.3470877587733985 -0.001
0.72 0.9637061383468819 0.5486394282165681 -0.0001
0.72 0.8958624152437848 0.1976351819846564 -1e-05
0.72 0.7256451953998321 0.005650225384462643 -1e-07
0.73 0.9759604175281144 0.0 -0.01
0.73 0.974985523012624 0.3676460718961673 -0.001
0.73 0.9656522784676307 0.5419602747104376 -0.0001
0.73 0.9009010561015653 0.19263590171514 -1e-05
0.73 0.7355493048319742 0.005554470485360497 -1e-07
0.74 0.977295295917803 0.0 -0.01
0.74 0.9763725775661802 0.3886114782218566 -0.001
0.74 0.9675311865244244 0.5345407501233308 -0.0001
0.74 0.9058176413789762 0.18746228211885563 -1e-05
0.74 0.7454463301332999 0.005451616868733721 -1e-07
0.75 0.9785823048713438 0.0 -0.01
0.75 0.9777101077279987 0.4099555957169762 -0.001
0.75 0.9693458020267683 0.5263638332217109 -0.0001
0.75 0.9106154472584227 0.18211716559570817 -1e-05
0.75 0.7553361828761929 0.005341575174054968 -1e-07
0.76 0.9798236475047858 0.0 -0.01
0.76 0.9790003802728022 0.43164936145335325 -0.001
0.76 0.971098912590772 0.5174114450587092 -0.0001
0.76 0.9152976699617561 0.1766033464932048 -1e-05
0.76 0.7652187749697219 0.0052242563643894735 -1e-07
0.77 0.981021405076737 0.0 -0.01
0.77 0.9802455374497103 0.4536627509016042 -0.001
0.77 0.9727931627789254 0.5076644092837109 -0.0001
0.77 0.9198674263475052 0.17092356946863155 -1e-05
0.77 0.7750940186632137 0.005099571730051475 -1e-07
0.78 0.9821775447473109 0.0 -0.01
0.78 0.9814476048443321 0.4759642912377724 -0.001
0.78 0.9744310623841899 0.497102411763959 -0.0001
0.78 0.924327754654483 0.1650805281152697 -1e-05
0.78 0.7849618265497896 0.00496743289203902 -1e-07
0.79 0.983293926786266 0.0 -0.01
0.79 0.9826084986886209 0.49852027403803134 -0.001
0.79 0.976014994194369 0.48570395934393745 -0.0001
0.79 0.928681615374462 0.15907686383171685 -1e-05
0.79 0.7948221115698665 0.004827751806133582 -1e-07
0.8 0.9843723112727731 0.0 -0.01
0.8 0.9837300326604521 0.5212935259869114 -0.001
0.8 0.9775472212705202 0.47344633757766935 -0.0001
0.8 0.932931892237963 0.1529151649145246 -1e-05
0.8 0.8046747870146197 0.0046804407659470715 -1e-07
0.81 0.9854143643257922 0.0 -0.01
0.81 0.9848139242115438 0.5442415264296665 -0.001
0.81 0.9790298937710561 0.46030556727719285 -0.0001
0.81 0.9370813932984922 0.14659796585548598 -1e-05
0.81 0.8145197665294099 0.004525412406744454 -1e-07
0.82 0.9864216639008726 0.0 -0.01
0.82 0.9858618004592457 0.5673135564377565 -0.001
0.82 0.9804650553511738 0.44625635972747024 -0.0001
0.82 0.9411328521017687 0.14012774682604534 -1e-05
0.82 0.824356964117172 0.004362579708712353 -1e-07
0.83 0.9873957051862872 0.0 -0.01
0.83 0.986875203674899 0.5904464086377663 -0.001
0.83 0.981854649165351 0.4312720704239371 -0.0001
0.83 0.9450889289276183 0.13350693333233726 -1e-05
0.83 0.8341862941417674 0.004191856000781673 -1e-07
0.84 0.9883379056287517 0.0 -0.01
0.84 0.98785559639887 0.6135579551780911 -0.001
0.84 0.9832005234988507 0.4153246511938564 -0.0001
0.84 0.9489522120932761 0.12673789602542662 -1e-05
0.84 0.8440076713312964 0.004013154963563809 -1e-07
0.85 0.9892496096165436 0.0 -0.01
0.85 0.9888043662099644 0.6365375252796819 -0.001
0.85 0.9845044370524749 0.398384600566662 -0.0001
0.85 0.9527252193078356 0.11982295065233119 -1e-05
0.85 0.8538210107813752 0.003826390633173253 -1e-07
0.86 0.9901320928456014 0.0 -0.01
0.86 0.989722830174749 0.6592315277499134 -0.001
0.86 0.985768063903219 0.38042091226168 -0.0001
0.86 0.956410399068508 0.11276435813434235 -1e-05
0.86 0.8636262279583724 0.003631477404219213 -1e-07
0.87 0.9909865663921388 0.0 -0.01
0.87 0.9906122390002883 0.6814219839597002 -0.001
0.87 0.9869929981619701 0.3614010216639903 -0.0001
0.87 0.9600101320902225 0.1055643247601252 -1e-05
0.87 0.8734232387026076 0.003428330033295824 -1e-07
0.88 0.9918141805134352 0.0 -0.01
0.88 0.9914737809119556 0.7027944882662283 -0.001
0.88 0.9881807583479936 0.3412907501608543 -0.0001
0.88 0.9635267327608974 0.09822500248191234 -1e-05
0.88 0.8832119592315123 0.003216863642139956 -1e-07
0.89 0.992616028196744 0.0 -0.01
0.89 0.9923085852762907 0.7228903994878829 -0.001
0.89 0.9893327914986259 0.3200542472120777 -0.0001
0.89 0.9669624506154614 0.09074848930398394 -1e-05
0.89 0.8929923061427492 0.0029969937210660323 -1e-07
0.9 0.9933931484746858 0.0 -0.01
0.9 0.9931177259873091 0.7410355109944885 -0.001
0.9 0.9904504770313621 0.29765393002801876 -0.0001
0.9 0.9703194718223878 0.08313682975338677 -1e-05
0.9 0.9027641964172953 0.0027686361319022345 -1e-07
0.91 0.9941465295240509 0.0 -0.01
0.91 0.9939022246332475 0.7562336338232518 -0.001
0.91 0.9915351303743731 0.27405042072866087 -0.0001
0.91 0.9735999206771445 0.07539201542362314 -1e-05
0.91 0.9125275474224837 0.0025317071113699183 -1e-07
0.92 0.9948771115636098 0.0 -0.01
0.92 0.9946630534594124 0.7670078386915787 -0.001
0.92 0.9925880063804028 0.24920248085631724 -0.0001
0.92 0.9768058610975501 0.0675159855827323 -1e-05
0.92 0.922282276915006 0.002286123273798224 -1e-07
0.93 0.9955857895653192 0.0 -0.01
0.93 0.9954011381415953 0.7711636164933126 -0.001
0.93 0.9936103025379984 0.22306694311317785 -0.0001
0.93 0.9799392981165632 0.05951062783786027 -1e-05
0.93 0.9320283030438753 0.002031801614780486 -1e-07
0.94 0.9962734157921924 0.0 -0.01
0.94 0.9961173603834095 0.7654355568330714 -0.001
0.94 0.9946031619930786 0.19559864019301323 -0.0001
0.94 0.9830021793685355 0.05137777884904375 -1e-05
0.94 0.9417655443533487 0.0017686595136672469 -1e-07
0.95 0.996940802175086 0.0 -0.01
0.95 0.9968125603498877 0.7449602576245288 -0.001
0.95 0.9955676763929746 0.16675033057401836 -0.0001
0.95 0.9859963965654075 0.0431192250855211 -1e-05
0.95 0.9514939197858109 0.0014966147368902659 -1e-07
0.96 0.9975887225397104 0.0 -0.01
0.96 0.9974875389487405 0.7024900034056548 -0.001
0.96 0.9965048885642585 0.13647262113696312 -0.0001
0.96 0.9889237869597498 0.034736703618438745 -1e-05
0.96 0.9612133486846149 0.0012155854408987313 -1e-07
0.97 0.9982179146943154 0.0 -0.01
0.97 0.9981430599698191 0.627219717325288 -0.001
0.97 0.9974157950349161 0.10471388646958776 -0.0001
0.97 0.9917861347919338 0.02623190294433209 -1e-05
0.97 0.9709237507968854 0.0009254901747076697 -1e-07
0.98 0.9988290823877058 0.0 -0.01
0.98 0.998779852092533 0.5030369863540277 -0.001
0.98 0.9983013484107089 0.0714201847145275 -0.0001
0.98 0.994585172719061 0.017606463834245467 -1e-05
0.98 0.9806250462762787 0.000626247883332758 -1e-07
0.99 0.9994228971465153 0.0 -0.01
0.99 0.9993986107702453 0.30591141382331033 -0.001
0.99 0.999162459614912 0.03653516981399259 -0.0001
0.99 0.9973225832236045 0.00886198020380937 -1e-05
0.99 0.9903171556857033 0.0003177779101725325 -1e-07
1.0 1.0 0.0 -0.01
1.0 1.0 -0.0 -0.001
1.0 1.0 -0.0 -0.0001
1.0 1.0 -0.0 -1e-05
1.0 1.0 -0.0 -1e-07
